Delay X Y X Y
-2667000 0 0 0.00010681 4.5777E-5
-2647000 0 0 9.1553E-5 2.2888E-5
-2627000 0 0 0.00011444 7.6295E-6
-2607000.1 0 0 0.00015259 1.5259E-5
-2587000.1 0 0 0.00015259 1.5259E-5
-2567000.1 0 0 0.00015259 0
-2547000.2 0 0 0.00017548 0
-2527000.2 0 0 0.00019074 1.5259E-5
-2507000.2 0 0 0.00015259 3.0518E-5
-2487000.3 0 0 0.00012207 3.0518E-5
-2467000.3 0 0 0.00016022 5.3406E-5
-2447000.3 0 0 0.00016022 8.3924E-5
-2427000.3 0 0 0.00014496 9.1553E-5
-2407000.4 0 0 0.0001297 9.9183E-5
-2387000.4 0 0 0.00011444 8.3924E-5
-2367000.4 0 0 0.00010681 4.5777E-5
-2347000.5 0 0 0.00012207 7.6294E-5
-2327000.5 0 0 0.00010681 5.3406E-5
-2307000.5 0 0 0.0001297 0
-2287000.6 0 0 0.00015259 -3.0518E-5
-2267000.6 0 0 0.00015259 -2.2888E-5
-2247000.6 0 0 0.00015259 -1.5259E-5
-2227000.7 0 0 0.00016022 0
-2207000.7 0 0 0.00016022 3.0518E-5
-2187000.7 0 0 0.00019837 5.3406E-5
-2167000.7 0 0 0.000206 6.1036E-5
-2147000.8 0 0 0.00019074 5.3406E-5
-2127000.8 0 0 0.00018311 6.1036E-5
-2107000.8 0 0 0.00019074 8.3924E-5
-2087000.9 0 0 0.00015259 8.3924E-5
-2067000.9 0 0 0.00015259 4.5777E-5
-2047000.9 0 0 0.00015259 4.5777E-5
-2027001 0 0 0.0001297 4.5777E-5
-2007001 0 0 0.00010681 3.0518E-5
-1987001 0 0 9.9183E-5 2.2888E-5
-1967001.1 0 0 0.0001297 1.5259E-5
-1947001.1 0 0 0.00015259 -7.6295E-6
-1927001.1 0 0 0.0001297 -2.2888E-5
-1907001.1 0 0 0.00016022 0
-1887001.2 0 0 0.00016785 4.5777E-5
-1867001.2 0 0 0.00016785 3.8147E-5
-1847001.2 0 0 0.00016785 3.0518E-5
-1827001.3 0 0 0.00017548 5.3406E-5
-1807001.3 0 0 0.00017548 5.3406E-5
-1787001.3 0 0 0.00017548 3.8147E-5
-1767001.4 0 0 0.00016785 5.3406E-5
-1747001.4 0 0 0.00012207 7.6294E-5
-1727001.4 0 0 0.00012207 6.8665E-5
-1707001.4 0 0 0.00014496 4.5777E-5
-1687001.5 0 0 0.00015259 1.5259E-5
-1667001.5 0 0 0.00012207 7.6295E-6
-1647001.5 0 0 0.00013733 3.0518E-5
-1627001.6 0 0 0.00015259 4.5777E-5
-1607001.6 0 0 0.00016022 7.6295E-6
-1587001.6 0 0 0.00018311 -3.0518E-5
-1567001.7 0 0 0.00019837 -3.0518E-5
-1547001.7 0 0 0.00019837 -7.6295E-6
-1527001.7 0 0 0.00019074 7.6295E-6
-1507001.8 0 0 0.00021362 -7.6295E-6
-1487001.8 0 0 0.00021362 7.6295E-6
-1467001.8 0 0 0.000206 4.5777E-5
-1447001.8 0 0 0.00019837 6.1036E-5
-1427001.9 0 0 0.00017548 6.1036E-5
-1407001.9 0 0 0.00016785 5.3406E-5
-1387001.9 0 0 0.00021362 4.5777E-5
-1367002 0 0 0.00021362 6.1036E-5
-1347002 0 0 0.00017548 5.3406E-5
-1327002 0 0 0.00015259 4.5777E-5
-1307002.1 0 0 0.00013733 3.8147E-5
-1287002.1 0 0 0.00016022 3.8147E-5
-1267002.1 0 0 0.00016022 2.2888E-5
-1247002.2 0 0 0.00015259 -7.6295E-6
-1227002.2 0 0 0.00015259 0
-1207002.2 0 0 0.00019074 7.6295E-6
-1187002.2 0 0 0.000206 0
-1167002.3 0 0 0.00023651 0
-1147002.3 0 0 0.00023651 3.0518E-5
-1127002.3 0 0 0.000206 2.2888E-5
-1107002.4 0 0 0.000206 4.5777E-5
-1087002.4 0 0 0.00016785 6.8665E-5
-1067002.4 0 0 0.00015259 7.6294E-5
-1047002.5 0 0 0.00015259 7.6294E-5
-1027002.5 0 0 0.00015259 5.3406E-5
-1007002.5 0 0 0.00015259 3.8147E-5
-987002.55 0 0 0.00016785 3.8147E-5
-967002.58 0 0 0.00019074 4.5777E-5
-947002.61 0 0 0.000206 3.0518E-5
-927002.64 0 0 0.00022125 4.5777E-5
-907002.67 0 0 0.00023651 2.2888E-5
-887002.7 0 0 0.00021362 3.0518E-5
-867002.73 0 0 0.00022125 6.1036E-5
-847002.76 0 0 0.00022125 5.3406E-5
-827002.79 0 0 0.00023651 7.6294E-5
-807002.82 0 0 0.00021362 0.00010681
-787002.85 0 0 0.000206 9.9183E-5
-767002.88 0 0 0.00021362 9.9183E-5
-747002.91 0 0 0.00022888 6.8665E-5
-727002.95 0 0 0.00024414 6.1036E-5
-707002.98 0 0 0.00023651 5.3406E-5
-687003.01 0 0 0.00023651 4.5777E-5
-667003.04 0 0 0.00021362 5.3406E-5
-647003.07 0 0 0.000206 4.5777E-5
-627003.1 0 0 0.00019074 4.5777E-5
-607003.13 0 0 0.00018311 4.5777E-5
-587003.16 0 0 0.00018311 3.8147E-5
-567003.19 0 0 0.00019074 3.0518E-5
-547003.22 0 0 0.00017548 3.0518E-5
-527003.25 0 0 0.00019837 0
-507003.28 0 0 0.000206 7.6295E-6
-487003.31 0 0 0.00022888 3.0518E-5
-467003.34 0 0 0.00022888 3.0518E-5
-447003.37 0 0 0.00024414 1.5259E-5
-427003.4 0 0 0.00028229 7.6295E-6
-407003.43 0 0 0.00028229 3.8147E-5
-387003.46 0 0 0.0002594 4.5777E-5
-367003.5 0 0 0.0002594 3.8147E-5
-347003.53 0 0 0.00026703 6.8665E-5
-327003.56 0 0 0.0002594 9.1553E-5
-307003.59 0 0 0.00028229 8.3924E-5
-287003.62 0 0 0.00026703 9.1553E-5
-267003.65 0 0 0.00025177 9.1553E-5
-247003.68 0 0 0.0002594 9.9183E-5
-227003.71 0 0 0.00026703 9.9183E-5
-207003.74 0 0 0.00026703 9.9183E-5
-187003.77 0 0 0.0002594 9.9183E-5
-167003.8 0 0 0.0002594 8.3924E-5
-147003.83 0 0 0.00024414 7.6294E-5
-127003.86 0 0 0.00022888 4.5777E-5
-107003.89 0 0 0.00025177 2.2888E-5
-87003.923 0 0 0.00023651 1.5259E-5
-67003.954 0 0 0.00022125 7.6295E-6
-47003.984 0 0 0.00021362 5.3406E-5
-27004.015 0 0 0.00024414 6.8665E-5
-7004.0454 0 0 0.00027466 5.3406E-5
12995.924 0 0 0.0002594 4.5777E-5
32995.893 0 0 0.00027466 3.0518E-5
52995.863 0 0 0.00029755 3.8147E-5
72995.832 0 0 0.00028992 4.5777E-5
92995.802 0 0 0.00028229 3.0518E-5
112995.77 0 0 0.00030518 7.6294E-5
132995.74 0 0 0.00032807 9.1553E-5
152995.71 0 0 0.0003357 4.5777E-5
172995.68 0 0 0.00031281 3.0518E-5
192995.65 0 0 0.00031281 4.5777E-5
212995.62 0 0 0.00034333 7.6294E-5
232995.59 0 0 0.0003357 7.6294E-5
252995.56 0 0 0.00030518 6.8665E-5
272995.53 0 0 0.00028992 6.8665E-5
292995.5 0 0 0.00029755 7.6294E-5
312995.47 0 0 0.00029755 7.6294E-5
332995.44 0 0 0.00028992 7.6294E-5
352995.4 0 0 0.00030518 8.3924E-5
372995.37 0 0 0.00031281 9.1553E-5
392995.34 0 0 0.00032044 0.00011444
412995.31 0 0 0.00032044 0.00010681
432995.28 0 0 0.00030518 0.00010681
452995.25 0 0 0.00030518 0.00010681
472995.22 0 0 0.00032807 9.9183E-5
492995.19 0 0 0.00032044 0.00010681
512995.16 0 0 0.00029755 9.1553E-5
532995.13 0 0 0.00031281 9.9183E-5
552995.1 0 0 0.00031281 9.9183E-5
572995.07 0 0 0.00031281 9.1553E-5
592995.04 0 0 0.00030518 8.3924E-5
612995.01 0 0 0.00031281 6.8665E-5
632994.98 0 0 0.00030518 5.3406E-5
652994.95 0 0 0.0003357 5.3406E-5
672994.92 0 0 0.00035095 4.5777E-5
692994.89 0 0 0.00035858 3.0518E-5
712994.85 0 0 0.00036621 4.5777E-5
732994.82 0 0 0.00036621 4.5777E-5
752994.79 0 0 0.0003891 5.3406E-5
772994.76 0 0 0.00041962 5.3406E-5
792994.73 0 0 0.00041962 4.5777E-5
812994.7 0 0 0.00041962 4.5777E-5
832994.67 0 0 0.00041199 8.3924E-5
852994.64 0 0 0.00041199 9.9183E-5
872994.61 0 0 0.00041199 9.9183E-5
892994.58 0 0 0.00043488 9.9183E-5
912994.55 0 0 0.00044251 9.9183E-5
932994.52 0 0 0.00041962 9.9183E-5
952994.49 0 0 0.00039673 9.9183E-5
972994.46 0 0 0.00040436 9.9183E-5
992994.43 0 0 0.0003891 9.1553E-5
1012994.4 0 0 0.00039673 7.6294E-5
1032994.4 0 0 0.0003891 9.1553E-5
1052994.3 0 0 0.00036621 8.3924E-5
1072994.3 0 0 0.00036621 6.1036E-5
1092994.3 0 0 0.00036621 9.9183E-5
1112994.2 0 0 0.00039673 0.00012207
1132994.2 0 0 0.00041962 9.9183E-5
1152994.2 0 0 0.00041199 8.3924E-5
1172994.2 0 0 0.00040436 9.1553E-5
1192994.1 0 0 0.00041962 9.9183E-5
1212994.1 0 0 0.00041962 9.1553E-5
1232994.1 0 0 0.00043488 9.1553E-5
1252994 0 0 0.00043488 9.1553E-5
1272994 0 0 0.00044251 5.3406E-5
1292994 0 0 0.00045777 5.3406E-5
1312993.9 0 0 0.0004654 9.9183E-5
1332993.9 0 0 0.00045014 8.3924E-5
1352993.9 0 0 0.00044251 5.3406E-5
1372993.8 0 0 0.00045777 5.3406E-5
1392993.8 0 0 0.0004654 5.3406E-5
1412993.8 0 0 0.00047302 8.3924E-5
1432993.8 0 0 0.00051117 0.00011444
1452993.7 0 0 0.00055695 0.00015259
1472993.7 0 0 0.00054932 0.00012207
1492993.7 0 0 0.00054169 9.9183E-5
1512993.6 0 0 0.00056458 5.3406E-5
1532993.6 0 0 0.00056458 5.3406E-5
1552993.6 0 0 0.00058747 6.1036E-5
1572993.5 0 0 0.00061036 7.6294E-5
1592993.5 0 0 0.00061036 0.00010681
1612993.5 0 0 0.00057984 0.00012207
1632993.4 0 0 0.00057984 0.00014496
1652993.4 0 0 0.00055695 0.0001297
1672993.4 0 0 0.00054932 0.00014496
1692993.4 0 0 0.00055695 0.00016785
1712993.3 0 0 0.00057221 0.00018311
1732993.3 0 0 0.00057984 0.00016022
1752993.3 0 0 0.00057984 0.00015259
1772993.2 0 0 0.0005951 0.00015259
1792993.2 0 0 0.0005951 0.00016022
1812993.2 0 0 0.00057984 0.00015259
1832993.1 0 0 0.00057984 0.00015259
1852993.1 0 0 0.00060273 0.00012207
1872993.1 0 0 0.00061036 0.0001297
1892993.1 0 0 0.00062561 0.0001297
1912993 0 0 0.00062561 9.9183E-5
1932993 0 0 0.00064087 0.00011444
1952993 0 0 0.00065613 0.00015259
1972992.9 0 0 0.0006485 0.00016022
1992992.9 0 0 0.00066376 0.00015259
2012992.9 0 0 0.00065613 0.00012207
2032992.8 0 0 0.00065613 0.00012207
2052992.8 0 0 0.00067902 0.00015259
2072992.8 0 0 0.00071717 0.00017548
2092992.7 0 0 0.00073243 0.000206
2112992.7 0 0 0.00074006 0.00017548
2132992.7 0 0 0.00075531 0.00016785
2152992.7 0 0 0.00077057 0.00019837
2172992.6 0 0 0.00079346 0.00019074
2192992.6 0 0 0.00080872 0.00016785
2212992.6 0 0 0.00083924 0.00018311
2232992.5 0 0 0.00090027 0.00019074
2252992.5 0 0 0.00090027 0.00018311
2272992.5 0 0 0.0009079 0.00016785
2292992.4 0 0 0.00089264 0.00015259
2312992.4 0 0 0.00091553 0.00015259
2332992.4 0 0 0.00097657 0.00016785
2352992.3 0 0 0.00095368 0.00015259
2372992.3 0 0 0.00089264 0.00010681
2392992.3 0 0 0.00086213 0.00013733
2412992.3 0 0 0.00082398 0.00016022
2432992.2 0 0 0.00080109 0.00014496
2452992.2 0 0 0.0007782 0.0001297
2472992.2 0 0 0.00074768 0.00013733
2492992.1 0 0 0.00070954 0.00015259
2512992.1 0 0 0.00067902 0.00016022
2532992.1 0 0 0.00068665 0.00013733
2552992 0 0 0.00069428 0.00013733
2572992 0 0 0.00067902 0.0001297
2592992 0 0 0.00062561 0.0001297
2612992 0 0 0.0005951 0.00011444
2632991.9 0 0 0.00057984 0.00015259
2652991.9 0 0 0.00055695 0.00014496
-2667000 0 0 0.00013733 6.1036E-5
-2647000 0 0 0.00011444 6.1036E-5
-2627000 0 0 0.00012207 6.8665E-5
-2607000.1 0 0 9.9183E-5 6.1036E-5
-2587000.1 0 0 7.6294E-5 6.1036E-5
-2567000.1 0 0 6.1036E-5 4.5777E-5
-2547000.2 0 0 9.9183E-5 3.8147E-5
-2527000.2 0 0 9.9183E-5 2.2888E-5
-2507000.2 0 0 0.00011444 1.5259E-5
-2487000.3 0 0 0.00012207 4.5777E-5
-2467000.3 0 0 0.00013733 5.3406E-5
-2447000.3 0 0 9.9183E-5 4.5777E-5
-2427000.3 0 0 0.00010681 3.8147E-5
-2407000.4 0 0 9.9183E-5 3.8147E-5
-2387000.4 0 0 8.3924E-5 4.5777E-5
-2367000.4 0 0 9.9183E-5 3.8147E-5
-2347000.5 0 0 9.9183E-5 4.5777E-5
-2327000.5 0 0 9.9183E-5 4.5777E-5
-2307000.5 0 0 9.9183E-5 6.1036E-5
-2287000.6 0 0 9.9183E-5 3.8147E-5
-2267000.6 0 0 0.00010681 2.2888E-5
-2247000.6 0 0 9.9183E-5 0
-2227000.7 0 0 9.1553E-5 7.6295E-6
-2207000.7 0 0 9.9183E-5 3.0518E-5
-2187000.7 0 0 0.00011444 4.5777E-5
-2167000.7 0 0 0.0001297 4.5777E-5
-2147000.8 0 0 0.00011444 3.8147E-5
-2127000.8 0 0 0.00011444 3.0518E-5
-2107000.8 0 0 0.00010681 3.0518E-5
-2087000.9 0 0 0.00012207 2.2888E-5
-2067000.9 0 0 0.00014496 3.8147E-5
-2047000.9 0 0 0.00015259 7.6295E-6
-2027001 0 0 0.00012207 1.5259E-5
-2007001 0 0 0.00010681 1.5259E-5
-1987001 0 0 9.9183E-5 0
-1967001.1 0 0 0.00012207 1.5259E-5
-1947001.1 0 0 0.00016022 2.2888E-5
-1927001.1 0 0 0.00016785 1.5259E-5
-1907001.1 0 0 0.0001297 0
-1887001.2 0 0 0.00011444 1.5259E-5
-1867001.2 0 0 0.00010681 7.6295E-6
-1847001.2 0 0 0.00012207 2.2888E-5
-1827001.3 0 0 0.00013733 2.2888E-5
-1807001.3 0 0 0.00014496 7.6295E-6
-1787001.3 0 0 0.00015259 1.5259E-5
-1767001.4 0 0 0.00013733 0
-1747001.4 0 0 0.00014496 2.2888E-5
-1727001.4 0 0 0.00015259 3.8147E-5
-1707001.4 0 0 0.00015259 2.2888E-5
-1687001.5 0 0 0.00015259 4.5777E-5
-1667001.5 0 0 0.0001297 7.6294E-5
-1647001.5 0 0 0.00014496 9.9183E-5
-1627001.6 0 0 0.00013733 7.6294E-5
-1607001.6 0 0 0.00014496 6.1036E-5
-1587001.6 0 0 0.00015259 6.8665E-5
-1567001.7 0 0 0.00015259 7.6294E-5
-1547001.7 0 0 0.00015259 7.6294E-5
-1527001.7 0 0 0.00016022 6.8665E-5
-1507001.8 0 0 0.00015259 8.3924E-5
-1487001.8 0 0 0.00016022 6.1036E-5
-1467001.8 0 0 0.00017548 6.8665E-5
-1447001.8 0 0 0.00015259 5.3406E-5
-1427001.9 0 0 0.00016785 6.8665E-5
-1407001.9 0 0 0.00017548 5.3406E-5
-1387001.9 0 0 0.00019074 6.1036E-5
-1367002 0 0 0.00016785 9.1553E-5
-1347002 0 0 0.00016022 8.3924E-5
-1327002 0 0 0.00018311 8.3924E-5
-1307002.1 0 0 0.00019837 9.9183E-5
-1287002.1 0 0 0.00018311 9.9183E-5
-1267002.1 0 0 0.00017548 9.9183E-5
-1247002.2 0 0 0.00016785 9.1553E-5
-1227002.2 0 0 0.00018311 6.8665E-5
-1207002.2 0 0 0.00019837 6.8665E-5
-1187002.2 0 0 0.000206 6.8665E-5
-1167002.3 0 0 0.00019837 8.3924E-5
-1147002.3 0 0 0.00019837 9.9183E-5
-1127002.3 0 0 0.00021362 0.00011444
-1107002.4 0 0 0.000206 9.9183E-5
-1087002.4 0 0 0.000206 6.1036E-5
-1067002.4 0 0 0.00024414 4.5777E-5
-1047002.5 0 0 0.00025177 4.5777E-5
-1027002.5 0 0 0.00023651 8.3924E-5
-1007002.5 0 0 0.00023651 9.1553E-5
-987002.55 0 0 0.00022125 7.6294E-5
-967002.58 0 0 0.000206 8.3924E-5
-947002.61 0 0 0.000206 7.6294E-5
-927002.64 0 0 0.00022888 5.3406E-5
-907002.67 0 0 0.00023651 4.5777E-5
-887002.7 0 0 0.00025177 6.8665E-5
-867002.73 0 0 0.00022888 9.1553E-5
-847002.76 0 0 0.00022125 9.9183E-5
-827002.79 0 0 0.00022125 6.1036E-5
-807002.82 0 0 0.00021362 6.1036E-5
-787002.85 0 0 0.00021362 8.3924E-5
-767002.88 0 0 0.00022125 9.9183E-5
-747002.91 0 0 0.0002594 9.9183E-5
-727002.95 0 0 0.00023651 0.00011444
-707002.98 0 0 0.00021362 0.00013733
-687003.01 0 0 0.000206 9.9183E-5
-667003.04 0 0 0.00025177 9.9183E-5
-647003.07 0 0 0.0002594 0.00010681
-627003.1 0 0 0.0002594 9.9183E-5
-607003.13 0 0 0.00025177 9.1553E-5
-587003.16 0 0 0.0002594 3.8147E-5
-567003.19 0 0 0.00025177 1.5259E-5
-547003.22 0 0 0.00025177 3.8147E-5
-527003.25 0 0 0.00025177 3.8147E-5
-507003.28 0 0 0.00024414 7.6295E-6
-487003.31 0 0 0.00023651 4.5777E-5
-467003.34 0 0 0.0002594 6.8665E-5
-447003.37 0 0 0.00027466 6.8665E-5
-427003.4 0 0 0.00028229 6.1036E-5
-407003.43 0 0 0.00027466 2.2888E-5
-387003.46 0 0 0.00028992 2.2888E-5
-367003.5 0 0 0.00031281 7.6295E-6
-347003.53 0 0 0.00030518 2.2888E-5
-327003.56 0 0 0.00028229 2.2888E-5
-307003.59 0 0 0.0002594 3.0518E-5
-287003.62 0 0 0.0002594 4.5777E-5
-267003.65 0 0 0.00025177 4.5777E-5
-247003.68 0 0 0.0002594 3.8147E-5
-227003.71 0 0 0.00028992 4.5777E-5
-207003.74 0 0 0.0002594 4.5777E-5
-187003.77 0 0 0.00025177 3.0518E-5
-167003.8 0 0 0.00022888 3.0518E-5
-147003.83 0 0 0.00024414 2.2888E-5
-127003.86 0 0 0.00027466 2.2888E-5
-107003.89 0 0 0.00029755 3.8147E-5
-87003.923 0 0 0.00031281 4.5777E-5
-67003.954 0 0 0.0003357 6.1036E-5
-47003.984 0 0 0.00032044 7.6294E-5
-27004.015 0 0 0.00031281 4.5777E-5
-7004.0454 0 0 0.00031281 3.0518E-5
12995.924 0 0 0.00027466 4.5777E-5
32995.893 0 0 0.00027466 7.6294E-5
52995.863 0 0 0.00028992 6.1036E-5
72995.832 0 0 0.00031281 4.5777E-5
92995.802 0 0 0.00030518 4.5777E-5
112995.77 0 0 0.00031281 3.8147E-5
132995.74 0 0 0.00031281 4.5777E-5
152995.71 0 0 0.00031281 4.5777E-5
172995.68 0 0 0.00032044 4.5777E-5
192995.65 0 0 0.00034333 6.1036E-5
212995.62 0 0 0.00034333 5.3406E-5
232995.59 0 0 0.00032044 4.5777E-5
252995.56 0 0 0.00032044 6.1036E-5
272995.53 0 0 0.00032044 8.3924E-5
292995.5 0 0 0.00032807 6.8665E-5
312995.47 0 0 0.00032807 6.8665E-5
332995.44 0 0 0.0003357 7.6294E-5
352995.4 0 0 0.0003357 9.1553E-5
372995.37 0 0 0.0003357 9.9183E-5
392995.34 0 0 0.00032807 9.9183E-5
412995.31 0 0 0.00031281 9.9183E-5
432995.28 0 0 0.00031281 9.9183E-5
452995.25 0 0 0.00031281 9.1553E-5
472995.22 0 0 0.00028229 9.9183E-5
492995.19 0 0 0.00028992 0.00010681
512995.16 0 0 0.00028992 8.3924E-5
532995.13 0 0 0.00028992 7.6294E-5
552995.1 0 0 0.00026703 5.3406E-5
572995.07 0 0 0.00029755 4.5777E-5
592995.04 0 0 0.00030518 3.8147E-5
612995.01 0 0 0.00029755 5.3406E-5
632994.98 0 0 0.00030518 4.5777E-5
652994.95 0 0 0.00030518 3.8147E-5
672994.92 0 0 0.0003357 3.0518E-5
692994.89 0 0 0.00035095 4.5777E-5
712994.85 0 0 0.00035858 6.8665E-5
732994.82 0 0 0.00036621 0.00011444
752994.79 0 0 0.00036621 0.00012207
772994.76 0 0 0.00038147 0.00012207
792994.73 0 0 0.00040436 9.9183E-5
812994.7 0 0 0.00041962 9.9183E-5
832994.67 0 0 0.00041199 9.9183E-5
852994.64 0 0 0.00039673 0.00011444
872994.61 0 0 0.0003891 0.00013733
892994.58 0 0 0.00039673 0.00012207
912994.55 0 0 0.00041962 9.9183E-5
932994.52 0 0 0.0003891 0.00010681
952994.49 0 0 0.00036621 0.0001297
972994.46 0 0 0.00036621 0.0001297
992994.43 0 0 0.00036621 0.00011444
1012994.4 0 0 0.00039673 9.9183E-5
1032994.4 0 0 0.0003891 0.00011444
1052994.3 0 0 0.00036621 0.00011444
1072994.3 0 0 0.00035095 9.9183E-5
1092994.3 0 0 0.00035858 6.8665E-5
1112994.2 0 0 0.00036621 5.3406E-5
1132994.2 0 0 0.00038147 6.1036E-5
1152994.2 0 0 0.0003891 8.3924E-5
1172994.2 0 0 0.0003891 6.1036E-5
1192994.1 0 0 0.00041962 4.5777E-5
1212994.1 0 0 0.00041199 4.5777E-5
1232994.1 0 0 0.00044251 4.5777E-5
1252994 0 0 0.00045777 4.5777E-5
1272994 0 0 0.00043488 8.3924E-5
1292994 0 0 0.00041962 6.1036E-5
1312993.9 0 0 0.00044251 5.3406E-5
1332993.9 0 0 0.00045014 5.3406E-5
1352993.9 0 0 0.00044251 6.8665E-5
1372993.8 0 0 0.00045014 8.3924E-5
1392993.8 0 0 0.00047302 9.1553E-5
1412993.8 0 0 0.00048065 6.1036E-5
1432993.8 0 0 0.00048065 4.5777E-5
1452993.7 0 0 0.00052643 6.1036E-5
1472993.7 0 0 0.00052643 6.8665E-5
1492993.7 0 0 0.00051117 9.9183E-5
1512993.6 0 0 0.00053406 9.9183E-5
1532993.6 0 0 0.00057221 9.9183E-5
1552993.6 0 0 0.00057221 8.3924E-5
1572993.5 0 0 0.00057984 9.1553E-5
1592993.5 0 0 0.00057984 9.9183E-5
1612993.5 0 0 0.00057984 0.0001297
1632993.4 0 0 0.00058747 0.0001297
1652993.4 0 0 0.0005951 0.00012207
1672993.4 0 0 0.00057984 0.00011444
1692993.4 0 0 0.00058747 9.9183E-5
1712993.3 0 0 0.00060273 0.00010681
1732993.3 0 0 0.00062561 9.9183E-5
1752993.3 0 0 0.00065613 0.0001297
1772993.2 0 0 0.00065613 0.00012207
1792993.2 0 0 0.00063324 0.00010681
1812993.2 0 0 0.0006485 0.00010681
1832993.1 0 0 0.00065613 0.0001297
1852993.1 0 0 0.00062561 0.00013733
1872993.1 0 0 0.00063324 0.00015259
1892993.1 0 0 0.00066376 0.00014496
1912993 0 0 0.00067139 0.00014496
1932993 0 0 0.00067902 0.00015259
1952993 0 0 0.00067139 0.00015259
1972992.9 0 0 0.00067902 0.00012207
1992992.9 0 0 0.00070954 0.00011444
2012992.9 0 0 0.00074768 0.00012207
2032992.8 0 0 0.00073243 0.00016785
2052992.8 0 0 0.0007248 0.00018311
2072992.8 0 0 0.00075531 0.00016022
2092992.7 0 0 0.00076294 0.00014496
2112992.7 0 0 0.00078583 0.00017548
2132992.7 0 0 0.00082398 0.00019837
2152992.7 0 0 0.00083924 0.00016785
2172992.6 0 0 0.0008545 0.00013733
2192992.6 0 0 0.00086213 0.00015259
2212992.6 0 0 0.00083924 0.00017548
2232992.5 0 0 0.0008545 0.00019837
2252992.5 0 0 0.00087738 0.00019074
2272992.5 0 0 0.00089264 0.00017548
2292992.4 0 0 0.00090027 0.00016785
2312992.4 0 0 0.00092316 0.00017548
2332992.4 0 0 0.00096894 0.00017548
2352992.3 0 0 0.00094605 0.00015259
2372992.3 0 0 0.00091553 0.00015259
2392992.3 0 0 0.00090027 0.00015259
2412992.3 0 0 0.00086213 0.00013733
2432992.2 0 0 0.00080109 0.0001297
2452992.2 0 0 0.00076294 0.00013733
2472992.2 0 0 0.00073243 0.00011444
2492992.1 0 0 0.0007248 0.00012207
2512992.1 0 0 0.00071717 9.9183E-5
2532992.1 0 0 0.00069428 7.6294E-5
2552992 0 0 0.00067902 9.1553E-5
2572992 0 0 0.00065613 9.9183E-5
2592992 0 0 0.00063324 8.3924E-5
2612992 0 0 0.00061799 8.3924E-5
2632991.9 0 0 0.00062561 9.1553E-5
2652991.9 0 0 0.00062561 8.3924E-5
-2667000 0 0 0.0001297 7.6295E-6
-2647000 0 0 9.9183E-5 1.5259E-5
-2627000 0 0 9.9183E-5 3.8147E-5
-2607000.1 0 0 0.00011444 3.0518E-5
-2587000.1 0 0 0.00010681 7.6295E-6
-2567000.1 0 0 0.00011444 2.2888E-5
-2547000.2 0 0 0.00012207 3.8147E-5
-2527000.2 0 0 0.00011444 4.5777E-5
-2507000.2 0 0 9.9183E-5 8.3924E-5
-2487000.3 0 0 0.00013733 6.8665E-5
-2467000.3 0 0 0.00013733 4.5777E-5
-2447000.3 0 0 0.00012207 4.5777E-5
-2427000.3 0 0 0.00012207 6.8665E-5
-2407000.4 0 0 0.00015259 5.3406E-5
-2387000.4 0 0 0.00015259 9.1553E-5
-2367000.4 0 0 0.00015259 7.6294E-5
-2347000.5 0 0 0.00016785 6.8665E-5
-2327000.5 0 0 0.00016785 6.8665E-5
-2307000.5 0 0 0.00016022 8.3924E-5
-2287000.6 0 0 0.00016785 0.00010681
-2267000.6 0 0 0.00015259 9.1553E-5
-2247000.6 0 0 0.00016022 6.1036E-5
-2227000.7 0 0 0.00016022 4.5777E-5
-2207000.7 0 0 0.00014496 4.5777E-5
-2187000.7 0 0 0.00015259 3.0518E-5
-2167000.7 0 0 0.00017548 2.2888E-5
-2147000.8 0 0 0.00019837 1.5259E-5
-2127000.8 0 0 0.000206 1.5259E-5
-2107000.8 0 0 0.00019074 2.2888E-5
-2087000.9 0 0 0.00019837 2.2888E-5
-2067000.9 0 0 0.000206 3.8147E-5
-2047000.9 0 0 0.000206 4.5777E-5
-2027001 0 0 0.000206 4.5777E-5
-2007001 0 0 0.00019837 2.2888E-5
-1987001 0 0 0.000206 7.6295E-6
-1967001.1 0 0 0.000206 2.2888E-5
-1947001.1 0 0 0.00019074 0
-1927001.1 0 0 0.00019074 1.5259E-5
-1907001.1 0 0 0.00019074 2.2888E-5
-1887001.2 0 0 0.00017548 3.8147E-5
-1867001.2 0 0 0.00019074 2.2888E-5
-1847001.2 0 0 0.00018311 3.0518E-5
-1827001.3 0 0 0.00018311 4.5777E-5
-1807001.3 0 0 0.00019837 3.8147E-5
-1787001.3 0 0 0.000206 3.0518E-5
-1767001.4 0 0 0.000206 7.6295E-6
-1747001.4 0 0 0.000206 2.2888E-5
-1727001.4 0 0 0.00019074 0
-1707001.4 0 0 0.00018311 0
-1687001.5 0 0 0.00018311 0
-1667001.5 0 0 0.00016785 0
-1647001.5 0 0 0.00015259 -2.2888E-5
-1627001.6 0 0 0.00015259 0
-1607001.6 0 0 0.00016785 7.6295E-6
-1587001.6 0 0 0.00018311 2.2888E-5
-1567001.7 0 0 0.00018311 3.0518E-5
-1547001.7 0 0 0.00015259 7.6295E-6
-1527001.7 0 0 0.00014496 0
-1507001.8 0 0 0.00014496 0
-1487001.8 0 0 0.00015259 0
-1467001.8 0 0 0.00015259 3.0518E-5
-1447001.8 0 0 0.00015259 1.5259E-5
-1427001.9 0 0 0.00016022 7.6295E-6
-1407001.9 0 0 0.00015259 1.5259E-5
-1387001.9 0 0 0.00017548 2.2888E-5
-1367002 0 0 0.00017548 3.0518E-5
-1347002 0 0 0.00015259 5.3406E-5
-1327002 0 0 0.00014496 4.5777E-5
-1307002.1 0 0 9.9183E-5 3.0518E-5
-1287002.1 0 0 0.00013733 4.5777E-5
-1267002.1 0 0 0.00018311 6.1036E-5
-1247002.2 0 0 0.00019837 4.5777E-5
-1227002.2 0 0 0.00016022 5.3406E-5
-1207002.2 0 0 0.00018311 6.8665E-5
-1187002.2 0 0 0.000206 6.1036E-5
-1167002.3 0 0 0.000206 6.1036E-5
-1147002.3 0 0 0.00019074 5.3406E-5
-1127002.3 0 0 0.00019074 4.5777E-5
-1107002.4 0 0 0.00022125 3.8147E-5
-1087002.4 0 0 0.00022125 4.5777E-5
-1067002.4 0 0 0.00022888 5.3406E-5
-1047002.5 0 0 0.00022125 5.3406E-5
-1027002.5 0 0 0.00021362 4.5777E-5
-1007002.5 0 0 0.00022125 3.8147E-5
-987002.55 0 0 0.00022125 4.5777E-5
-967002.58 0 0 0.00024414 4.5777E-5
-947002.61 0 0 0.00023651 3.0518E-5
-927002.64 0 0 0.00022125 4.5777E-5
-907002.67 0 0 0.00021362 4.5777E-5
-887002.7 0 0 0.000206 1.5259E-5
-867002.73 0 0 0.00019837 0
-847002.76 0 0 0.00018311 -3.0518E-5
-827002.79 0 0 0.00019074 -2.2888E-5
-807002.82 0 0 0.00019837 0
-787002.85 0 0 0.000206 0
-767002.88 0 0 0.00021362 7.6295E-6
-747002.91 0 0 0.000206 3.0518E-5
-727002.95 0 0 0.00018311 3.0518E-5
-707002.98 0 0 0.00019074 3.8147E-5
-687003.01 0 0 0.000206 1.5259E-5
-667003.04 0 0 0.00022125 3.0518E-5
-647003.07 0 0 0.00022125 2.2888E-5
-627003.1 0 0 0.00021362 3.0518E-5
-607003.13 0 0 0.000206 4.5777E-5
-587003.16 0 0 0.000206 2.2888E-5
-567003.19 0 0 0.00019837 1.5259E-5
-547003.22 0 0 0.00019074 7.6295E-6
-527003.25 0 0 0.00019837 0
-507003.28 0 0 0.000206 2.2888E-5
-487003.31 0 0 0.000206 3.0518E-5
-467003.34 0 0 0.00023651 2.2888E-5
-447003.37 0 0 0.00024414 3.8147E-5
-427003.4 0 0 0.00024414 2.2888E-5
-407003.43 0 0 0.00025177 1.5259E-5
-387003.46 0 0 0.0002594 7.6295E-6
-367003.5 0 0 0.00024414 1.5259E-5
-347003.53 0 0 0.00024414 3.0518E-5
-327003.56 0 0 0.00024414 3.0518E-5
-307003.59 0 0 0.00024414 3.8147E-5
-287003.62 0 0 0.00022888 5.3406E-5
-267003.65 0 0 0.00022888 3.0518E-5
-247003.68 0 0 0.0002594 7.6295E-6
-227003.71 0 0 0.0002594 -1.5259E-5
-207003.74 0 0 0.00024414 0
-187003.77 0 0 0.0002594 2.2888E-5
-167003.8 0 0 0.00026703 4.5777E-5
-147003.83 0 0 0.0002594 3.0518E-5
-127003.86 0 0 0.00025177 4.5777E-5
-107003.89 0 0 0.00025177 3.8147E-5
-87003.923 0 0 0.00023651 4.5777E-5
-67003.954 0 0 0.000206 3.8147E-5
-47003.984 0 0 0.00022125 4.5777E-5
-27004.015 0 0 0.00022888 3.8147E-5
-7004.0454 0 0 0.00023651 4.5777E-5
12995.924 0 0 0.00023651 3.0518E-5
32995.893 0 0 0.00022888 4.5777E-5
52995.863 0 0 0.0002594 4.5777E-5
72995.832 0 0 0.00023651 5.3406E-5
92995.802 0 0 0.00022125 7.6294E-5
112995.77 0 0 0.00022888 7.6294E-5
132995.74 0 0 0.0002594 5.3406E-5
152995.71 0 0 0.00027466 5.3406E-5
172995.68 0 0 0.00030518 6.1036E-5
192995.65 0 0 0.00029755 8.3924E-5
212995.62 0 0 0.00026703 7.6294E-5
232995.59 0 0 0.00025177 6.8665E-5
252995.56 0 0 0.00023651 5.3406E-5
272995.53 0 0 0.0002594 5.3406E-5
292995.5 0 0 0.0002594 6.8665E-5
312995.47 0 0 0.0002594 6.8665E-5
332995.44 0 0 0.00026703 6.1036E-5
352995.4 0 0 0.00028992 9.1553E-5
372995.37 0 0 0.00028229 0.00011444
392995.34 0 0 0.00026703 9.9183E-5
412995.31 0 0 0.00028229 9.9183E-5
432995.28 0 0 0.00030518 0.00010681
452995.25 0 0 0.00030518 0.00011444
472995.22 0 0 0.00030518 0.00010681
492995.19 0 0 0.00029755 8.3924E-5
512995.16 0 0 0.00031281 9.9183E-5
532995.13 0 0 0.00030518 9.1553E-5
552995.1 0 0 0.00030518 0.00010681
572995.07 0 0 0.00032807 0.00011444
592995.04 0 0 0.00034333 0.0001297
612995.01 0 0 0.00035095 0.00012207
632994.98 0 0 0.00035095 8.3924E-5
652994.95 0 0 0.00035858 8.3924E-5
672994.92 0 0 0.00035858 8.3924E-5
692994.89 0 0 0.00032807 8.3924E-5
712994.85 0 0 0.00034333 9.9183E-5
732994.82 0 0 0.00035095 0.00011444
752994.79 0 0 0.0003357 0.00012207
772994.76 0 0 0.00036621 9.9183E-5
792994.73 0 0 0.00038147 6.8665E-5
812994.7 0 0 0.00038147 7.6294E-5
832994.67 0 0 0.00037384 5.3406E-5
852994.64 0 0 0.00038147 7.6294E-5
872994.61 0 0 0.00038147 8.3924E-5
892994.58 0 0 0.0003891 9.1553E-5
912994.55 0 0 0.00040436 0.00011444
932994.52 0 0 0.00041962 8.3924E-5
952994.49 0 0 0.00039673 7.6294E-5
972994.46 0 0 0.00040436 8.3924E-5
992994.43 0 0 0.00040436 6.8665E-5
1012994.4 0 0 0.00042725 8.3924E-5
1032994.4 0 0 0.00042725 9.1553E-5
1052994.3 0 0 0.00042725 9.1553E-5
1072994.3 0 0 0.00041962 6.8665E-5
1092994.3 0 0 0.00041962 6.1036E-5
1112994.2 0 0 0.00041962 7.6294E-5
1132994.2 0 0 0.00041962 7.6294E-5
1152994.2 0 0 0.00042725 5.3406E-5
1172994.2 0 0 0.00044251 4.5777E-5
1192994.1 0 0 0.00041962 6.1036E-5
1212994.1 0 0 0.00041199 6.8665E-5
1232994.1 0 0 0.00044251 6.1036E-5
1252994 0 0 0.0004654 8.3924E-5
1272994 0 0 0.0004654 6.8665E-5
1292994 0 0 0.00045014 6.1036E-5
1312993.9 0 0 0.0004654 7.6294E-5
1332993.9 0 0 0.0004654 9.9183E-5
1352993.9 0 0 0.00040436 6.8665E-5
1372993.8 0 0 0.00041962 7.6294E-5
1392993.8 0 0 0.00043488 9.1553E-5
1412993.8 0 0 0.00043488 8.3924E-5
1432993.8 0 0 0.00041962 9.1553E-5
1452993.7 0 0 0.00040436 0.00010681
1472993.7 0 0 0.00040436 0.00012207
1492993.7 0 0 0.00041962 0.00012207
1512993.6 0 0 0.00047302 0.00012207
1532993.6 0 0 0.00050354 0.00013733
1552993.6 0 0 0.00050354 0.00013733
1572993.5 0 0 0.00048065 0.00014496
1592993.5 0 0 0.00048065 0.00016022
1612993.5 0 0 0.00047302 0.00015259
1632993.4 0 0 0.00051117 0.00015259
1652993.4 0 0 0.00053406 0.00014496
1672993.4 0 0 0.00054932 0.00016022
1692993.4 0 0 0.00056458 0.00016022
1712993.3 0 0 0.00057221 0.00015259
1732993.3 0 0 0.00058747 0.00016022
1752993.3 0 0 0.00057221 0.00016022
1772993.2 0 0 0.00053406 0.00014496
1792993.2 0 0 0.00052643 0.00014496
1812993.2 0 0 0.0005951 0.00015259
1832993.1 0 0 0.00064087 0.00015259
1852993.1 0 0 0.00063324 0.00016022
1872993.1 0 0 0.00061799 0.00016022
1892993.1 0 0 0.00061036 0.00015259
1912993 0 0 0.00061036 0.00014496
1932993 0 0 0.00062561 0.0001297
1952993 0 0 0.00061799 0.00013733
1972992.9 0 0 0.00063324 0.00015259
1992992.9 0 0 0.00063324 0.00017548
2012992.9 0 0 0.00064087 0.00017548
2032992.8 0 0 0.00067902 0.00015259
2052992.8 0 0 0.00067902 0.00015259
2072992.8 0 0 0.00067139 0.00016022
2092992.7 0 0 0.0006485 0.00016785
2112992.7 0 0 0.00066376 0.00019837
2132992.7 0 0 0.00068665 0.00019837
2152992.7 0 0 0.0007248 0.00019074
2172992.6 0 0 0.00074768 0.00019837
2192992.6 0 0 0.00075531 0.00019837
2212992.6 0 0 0.00078583 0.00019837
2232992.5 0 0 0.00081635 0.00019074
2252992.5 0 0 0.00080109 0.00019074
2272992.5 0 0 0.00083924 0.00021362
2292992.4 0 0 0.00086976 0.00022125
2312992.4 0 0 0.00089264 0.000206
2332992.4 0 0 0.00089264 0.000206
2352992.3 0 0 0.00089264 0.00021362
2372992.3 0 0 0.00086213 0.00021362
2392992.3 0 0 0.00083161 0.000206
2412992.3 0 0 0.00079346 0.000206
2432992.2 0 0 0.0007782 0.00019074
2452992.2 0 0 0.00073243 0.00016785
2472992.2 0 0 0.00070191 0.00016785
2492992.1 0 0 0.00066376 0.00016785
2512992.1 0 0 0.00064087 0.00016022
2532992.1 0 0 0.00063324 0.00017548
2552992 0 0 0.00058747 0.00016785
2572992 0 0 0.00057984 0.00016785
2592992 0 0 0.00057984 0.00016022
2612992 0 0 0.00056458 0.00013733
2632991.9 0 0 0.00055695 0.00013733
2652991.9 0 0 0.00055695 0.00015259
