1615154454.70127	1.29445800e-02	1.00000000e-04	4.30354303e-03	2.49240000e+01
1615154454.9236999	1.29443300e-02	1.00000000e-04	4.30402560e-03	2.49260000e+01
1615154455.1311498	1.29442400e-02	1.00000000e-04	4.30461356e-03	2.49250000e+01
1615154455.3375695	1.29432300e-02	1.00000000e-04	4.30368639e-03	2.49250000e+01
1615154455.5440469	1.29453400e-02	1.00000000e-04	4.30394645e-03	2.49250000e+01
1615154455.7644534	1.29445000e-02	1.00000000e-04	4.30442134e-03	2.49250000e+01
1615154455.985861	1.29447500e-02	1.00000000e-04	4.30364681e-03	2.49240000e+01
1615154456.2082746	1.29445000e-02	1.00000000e-04	4.30315496e-03	2.49240000e+01
1615154456.4137156	1.29481200e-02	1.00000000e-04	4.30758728e-03	2.49230000e+01
1615154456.6211648	1.29460100e-02	1.00000000e-04	4.30426869e-03	2.49230000e+01
1615154456.827613	1.29449200e-02	1.00000000e-04	4.30420651e-03	2.49230000e+01
1615154457.0330675	1.29433900e-02	1.00000000e-04	4.30405386e-03	2.49230000e+01
1615154457.2554705	1.29440000e-02	1.00000000e-04	4.30459094e-03	2.49230000e+01
1615154457.4618878	1.29443200e-02	1.00000000e-04	4.30418389e-03	2.49220000e+01
1615154457.6833243	1.29446600e-02	1.00000000e-04	4.30356766e-03	2.49220000e+01
1615154457.9037075	1.29428100e-02	1.00000000e-04	4.30528066e-03	2.49220000e+01
1615154458.1081605	1.29452500e-02	1.00000000e-04	4.30468705e-03	2.49220000e+01
1615154458.315606	1.29456800e-02	1.00000000e-04	4.30431958e-03	2.49220000e+01
1615154458.5210793	1.29452600e-02	1.00000000e-04	4.30449483e-03	2.49230000e+01
1615154458.7275321	1.29449200e-02	1.00000000e-04	4.30457963e-03	2.49220000e+01
1615154458.9349778	1.29445000e-02	1.00000000e-04	4.30435915e-03	2.49220000e+01
1615154459.157355	1.29445000e-02	1.00000000e-04	4.30403125e-03	2.49230000e+01
1615154459.3648276	1.29439900e-02	1.00000000e-04	4.30489623e-03	2.49220000e+01
1615154459.571278	1.29445800e-02	1.00000000e-04	4.30468705e-03	2.49220000e+01
1615154459.7757018	1.29446700e-02	1.00000000e-04	4.30457398e-03	2.49220000e+01
1615154459.9821491	1.29445000e-02	1.00000000e-04	4.30392918e-03	2.49230000e+01
1615154460.1886277	1.29449200e-02	1.00000000e-04	4.30463021e-03	2.49220000e+01
1615154460.396074	1.29455900e-02	1.00000000e-04	4.30515033e-03	2.49220000e+01
1615154460.6035159	1.29450000e-02	1.00000000e-04	4.30404225e-03	2.49230000e+01
1615154460.8099637	1.29442300e-02	1.00000000e-04	4.30303028e-03	2.49220000e+01
1615154461.0173795	1.29448300e-02	1.00000000e-04	4.30567045e-03	2.49210000e+01
1615154461.2248254	1.29458400e-02	1.00000000e-04	4.30492984e-03	2.49210000e+01
1615154461.4303048	1.29446700e-02	1.00000000e-04	4.30549519e-03	2.49210000e+01
1615154461.6537116	1.29447500e-02	1.00000000e-04	4.30432492e-03	2.49210000e+01
1615154461.8761127	1.29450800e-02	1.00000000e-04	4.30431927e-03	2.49220000e+01
1615154462.0795636	1.29446000e-02	1.00000000e-04	4.30411575e-03	2.49220000e+01
1615154462.28602	1.29449100e-02	1.00000000e-04	4.30407052e-03	2.49220000e+01
1615154462.4934616	1.29449200e-02	1.00000000e-04	4.30532609e-03	2.49220000e+01
1615154462.7008789	1.29440800e-02	1.00000000e-04	4.30403710e-03	2.49220000e+01
1615154462.9212883	1.29449200e-02	1.00000000e-04	4.30368093e-03	2.49230000e+01
1615154463.128736	1.29450900e-02	1.00000000e-04	4.30486250e-03	2.49220000e+01
1615154463.3361788	1.29437400e-02	1.00000000e-04	4.30420105e-03	2.49220000e+01
1615154463.5416305	1.29443200e-02	1.00000000e-04	4.30420105e-03	2.49220000e+01
1615154463.7470818	1.29445800e-02	1.00000000e-04	4.30528651e-03	2.49220000e+01
1615154463.968489	1.29439900e-02	1.00000000e-04	4.30446111e-03	2.49210000e+01
1615154464.1749601	1.29445900e-02	1.00000000e-04	4.30310427e-03	2.49210000e+01
1615154464.381417	1.29439100e-02	1.00000000e-04	4.30389576e-03	2.49200000e+01
1615154464.6028247	1.29422100e-02	1.00000000e-04	4.30330780e-03	2.49210000e+01
1615154464.823235	1.29454300e-02	1.00000000e-04	4.30397491e-03	2.49220000e+01
1615154465.0276818	1.29455100e-02	1.00000000e-04	4.30358215e-03	2.49220000e+01
1615154465.2341046	1.29439900e-02	1.00000000e-04	4.30369522e-03	2.49220000e+01
1615154465.4395552	1.29446600e-02	1.00000000e-04	4.30471284e-03	2.49220000e+01
1615154465.6470351	1.29446600e-02	1.00000000e-04	4.30469023e-03	2.49220000e+01
1615154465.869405	1.29459400e-02	1.00000000e-04	4.30397224e-03	2.49230000e+01
1615154466.075885	1.29448300e-02	1.00000000e-04	4.30439060e-03	2.49230000e+01
1615154466.2823005	1.29442500e-02	1.00000000e-04	4.30493898e-03	2.49230000e+01
1615154466.5007489	1.29465900e-02	1.00000000e-04	4.30474676e-03	2.49240000e+01
1615154466.72117	1.29446700e-02	1.00000000e-04	4.30480895e-03	2.49240000e+01
1615154466.927605	1.29446600e-02	1.00000000e-04	4.30492202e-03	2.49240000e+01
1615154467.132028	1.29445800e-02	1.00000000e-04	4.30573612e-03	2.49240000e+01
1615154467.3395045	1.29452500e-02	1.00000000e-04	4.30554317e-03	2.49240000e+01
1615154467.5618796	1.29447300e-02	1.00000000e-04	4.30449163e-03	2.49240000e+01
1615154467.7833216	1.29447400e-02	1.00000000e-04	4.30528876e-03	2.49230000e+01
1615154467.9847844	1.29439000e-02	1.00000000e-04	4.30446901e-03	2.49230000e+01
1615154468.191197	1.29448300e-02	1.00000000e-04	4.30446901e-03	2.49230000e+01
1615154468.397674	1.29456800e-02	1.00000000e-04	4.30579192e-03	2.49240000e+01
1615154468.6040914	1.29440800e-02	1.00000000e-04	4.30501740e-03	2.49250000e+01
1615154468.827495	1.29451700e-02	1.00000000e-04	4.30432768e-03	2.49240000e+01
1615154469.0329773	1.29446700e-02	1.00000000e-04	4.30466123e-03	2.49240000e+01
1615154469.238426	1.29446600e-02	1.00000000e-04	4.30493825e-03	2.49240000e+01
1615154469.443847	1.29440600e-02	1.00000000e-04	4.30482518e-03	2.49230000e+01
1615154469.6652825	1.29451700e-02	1.00000000e-04	4.30520396e-03	2.49230000e+01
1615154469.8717027	1.29456900e-02	1.00000000e-04	4.30435053e-03	2.49230000e+01
1615154470.077185	1.29441600e-02	1.00000000e-04	4.30478020e-03	2.49230000e+01
1615154470.283629	1.29449200e-02	1.00000000e-04	4.30428835e-03	2.49220000e+01
1615154470.507004	1.29438200e-02	1.00000000e-04	4.30389260e-03	2.49220000e+01
1615154470.7294407	1.29445000e-02	1.00000000e-04	4.30465582e-03	2.49220000e+01
1615154470.951847	1.29439900e-02	1.00000000e-04	4.30470105e-03	2.49220000e+01
1615154471.1562955	1.29445000e-02	1.00000000e-04	4.30419789e-03	2.49220000e+01
1615154471.37671	1.29443300e-02	1.00000000e-04	4.30353078e-03	2.49220000e+01
1615154471.5831249	1.29445800e-02	1.00000000e-04	4.30428269e-03	2.49220000e+01
1615154471.8015647	1.29445800e-02	1.00000000e-04	4.30468974e-03	2.49220000e+01
1615154472.0080132	1.29455900e-02	1.00000000e-04	4.30476889e-03	2.49220000e+01
1615154472.2293968	1.29443400e-02	1.00000000e-04	4.30478585e-03	2.49220000e+01
1615154472.4518032	1.29440800e-02	1.00000000e-04	4.30496076e-03	2.49220000e+01
1615154472.6732388	1.29447500e-02	1.00000000e-04	4.30438976e-03	2.49230000e+01
1615154472.8956406	1.29445000e-02	1.00000000e-04	4.30399401e-03	2.49230000e+01
1615154473.1160583	1.29438300e-02	1.00000000e-04	4.30410143e-03	2.49230000e+01
1615154473.3374646	1.29449200e-02	1.00000000e-04	4.30352478e-03	2.49240000e+01
1615154473.556879	1.29444900e-02	1.00000000e-04	4.30485334e-03	2.49240000e+01
1615154473.7802782	1.29446600e-02	1.00000000e-04	4.30461590e-03	2.49240000e+01
1615154473.9867263	1.29447500e-02	1.00000000e-04	4.30372830e-03	2.49240000e+01
1615154474.209103	1.29449100e-02	1.00000000e-04	4.30351347e-03	2.49240000e+01
1615154474.4165485	1.29449200e-02	1.00000000e-04	4.30415231e-03	2.49250000e+01
1615154474.622997	1.29458400e-02	1.00000000e-04	4.30388660e-03	2.49240000e+01
1615154474.829444	1.29456700e-02	1.00000000e-04	4.30404677e-03	2.49240000e+01
1615154475.0369227	1.29451700e-02	1.00000000e-04	4.30520573e-03	2.49230000e+01
1615154475.2413714	1.29441600e-02	1.00000000e-04	4.30484956e-03	2.49230000e+01
1615154475.461753	1.29455000e-02	1.00000000e-04	4.30399589e-03	2.49230000e+01
1615154475.6682007	1.29457600e-02	1.00000000e-04	4.30461777e-03	2.49230000e+01
1615154475.875683	1.29444100e-02	1.00000000e-04	4.30557886e-03	2.49240000e+01
1615154476.081134	1.29442400e-02	1.00000000e-04	4.30483826e-03	2.49240000e+01
1615154476.288542	1.29426400e-02	1.00000000e-04	4.30440859e-03	2.49240000e+01
1615154476.4959881	1.29462700e-02	1.00000000e-04	4.30660779e-03	2.49230000e+01
1615154476.7034562	1.29449200e-02	1.00000000e-04	4.30545448e-03	2.49230000e+01
1615154476.9248693	1.29449200e-02	1.00000000e-04	4.30471388e-03	2.49230000e+01
1615154477.1293228	1.29450000e-02	1.00000000e-04	4.30547144e-03	2.49230000e+01
1615154477.3507016	1.29460100e-02	1.00000000e-04	4.30423863e-03	2.49230000e+01
1615154477.5561771	1.29452500e-02	1.00000000e-04	4.30497358e-03	2.49230000e+01
1615154477.761629	1.29459200e-02	1.00000000e-04	4.30482659e-03	2.49230000e+01
1615154477.9680834	1.29446600e-02	1.00000000e-04	4.30473613e-03	2.49220000e+01
1615154478.1874878	1.29452500e-02	1.00000000e-04	4.30474744e-03	2.49220000e+01
1615154478.4089022	1.29442300e-02	1.00000000e-04	4.30454957e-03	2.49210000e+01
1615154478.6133578	1.29449200e-02	1.00000000e-04	4.30418775e-03	2.49220000e+01
1615154478.8198051	1.29455200e-02	1.00000000e-04	4.30483789e-03	2.49220000e+01
1615154479.0402138	1.29450800e-02	1.00000000e-04	4.30505838e-03	2.49230000e+01
1615154479.24763	1.29448300e-02	1.00000000e-04	4.30418775e-03	2.49230000e+01
1615154479.4690607	1.29448300e-02	1.00000000e-04	4.30487747e-03	2.49230000e+01
1615154479.6755192	1.29448300e-02	1.00000000e-04	4.30487181e-03	2.49230000e+01
1615154479.8809361	1.29441400e-02	1.00000000e-04	4.30480044e-03	2.49220000e+01
1615154480.087383	1.29456000e-02	1.00000000e-04	4.30457995e-03	2.49230000e+01
1615154480.2938614	1.29450900e-02	1.00000000e-04	4.30514530e-03	2.49220000e+01
1615154480.5013003	1.29471100e-02	1.00000000e-04	4.30433686e-03	2.49220000e+01
1615154480.7077243	1.29465200e-02	1.00000000e-04	4.30433686e-03	2.49220000e+01
1615154480.9142034	1.29459200e-02	1.00000000e-04	4.30449515e-03	2.49220000e+01
1615154481.134614	1.29450100e-02	1.00000000e-04	4.30473825e-03	2.49220000e+01
1615154481.356025	1.29451800e-02	1.00000000e-04	4.30486263e-03	2.49220000e+01
1615154481.5614731	1.29454300e-02	1.00000000e-04	4.30467041e-03	2.49230000e+01
1615154481.7669246	1.29443100e-02	1.00000000e-04	4.30438774e-03	2.49220000e+01
1615154481.9883325	1.29455900e-02	1.00000000e-04	4.30346057e-03	2.49220000e+01
1615154482.2107048	1.29456700e-02	1.00000000e-04	4.30373759e-03	2.49220000e+01
1615154482.430118	1.29458500e-02	1.00000000e-04	4.30478130e-03	2.49220000e+01
1615154482.6375926	1.29448300e-02	1.00000000e-04	4.30437425e-03	2.49220000e+01
1615154482.8440125	1.29466000e-02	1.00000000e-04	4.30373541e-03	2.49220000e+01
1615154483.047516	1.29450900e-02	1.00000000e-04	4.30414811e-03	2.49220000e+01
1615154483.269905	1.29459300e-02	1.00000000e-04	4.30365626e-03	2.49220000e+01
1615154483.476353	1.29446600e-02	1.00000000e-04	4.30479261e-03	2.49220000e+01
1615154483.6967556	1.29449200e-02	1.00000000e-04	4.30467954e-03	2.49210000e+01
1615154483.9191654	1.29454300e-02	1.00000000e-04	4.30388240e-03	2.49210000e+01
1615154484.124589	1.29460100e-02	1.00000000e-04	4.30401808e-03	2.49220000e+01
1615154484.33007	1.29462700e-02	1.00000000e-04	4.30577065e-03	2.49210000e+01
1615154484.5375135	1.29451700e-02	1.00000000e-04	4.30437990e-03	2.49210000e+01
1615154484.7429345	1.29457600e-02	1.00000000e-04	4.30547102e-03	2.49220000e+01
1615154484.948385	1.29450900e-02	1.00000000e-04	4.30453205e-03	2.49220000e+01
1615154485.169822	1.29454200e-02	1.00000000e-04	4.30415892e-03	2.49210000e+01
1615154485.3912325	1.29456800e-02	1.00000000e-04	4.30423241e-03	2.49210000e+01
1615154485.5936906	1.29455000e-02	1.00000000e-04	4.30375187e-03	2.49210000e+01
1615154485.8160925	1.29460900e-02	1.00000000e-04	4.30465077e-03	2.49220000e+01
1615154486.0394661	1.29452600e-02	1.00000000e-04	4.30418153e-03	2.49230000e+01
1615154486.2609024	1.29451700e-02	1.00000000e-04	4.30428895e-03	2.49220000e+01
1615154486.4813087	1.29451600e-02	1.00000000e-04	4.30411369e-03	2.49230000e+01
1615154486.7007344	1.29449200e-02	1.00000000e-04	4.30453770e-03	2.49230000e+01
1615154486.9231322	1.29455000e-02	1.00000000e-04	4.30410804e-03	2.49230000e+01
1615154487.1455107	1.29455000e-02	1.00000000e-04	4.30622809e-03	2.49230000e+01
1615154487.368911	1.29441600e-02	1.00000000e-04	4.30383077e-03	2.49230000e+01
1615154487.5753589	1.29444000e-02	1.00000000e-04	4.30434524e-03	2.49230000e+01
1615154487.7798133	1.29454200e-02	1.00000000e-04	4.30389862e-03	2.49230000e+01
1615154487.9852953	1.29448300e-02	1.00000000e-04	4.30339546e-03	2.49230000e+01
1615154488.1927385	1.29451800e-02	1.00000000e-04	4.30437351e-03	2.49240000e+01
1615154488.3981829	1.29436500e-02	1.00000000e-04	4.30459964e-03	2.49230000e+01
1615154488.6056051	1.29445000e-02	1.00000000e-04	4.30440177e-03	2.49230000e+01
1615154488.827042	1.29454200e-02	1.00000000e-04	4.30512542e-03	2.49230000e+01
1615154489.0474224	1.29448400e-02	1.00000000e-04	4.30379685e-03	2.49220000e+01
1615154489.2698276	1.29451600e-02	1.00000000e-04	4.30439612e-03	2.49210000e+01
1615154489.475303	1.29443400e-02	1.00000000e-04	4.30411345e-03	2.49220000e+01
1615154489.6827235	1.29446700e-02	1.00000000e-04	4.30431132e-03	2.49220000e+01
1615154489.8891726	1.29434000e-02	1.00000000e-04	4.30496451e-03	2.49220000e+01
1615154490.094622	1.29433900e-02	1.00000000e-04	4.30474403e-03	2.49220000e+01
1615154490.3170273	1.29445800e-02	1.00000000e-04	4.30363030e-03	2.49220000e+01
1615154490.5244737	1.29439200e-02	1.00000000e-04	4.30460269e-03	2.49220000e+01
1615154490.7458804	1.29447400e-02	1.00000000e-04	4.30515673e-03	2.49210000e+01
1615154490.9673235	1.29445100e-02	1.00000000e-04	4.30464226e-03	2.49210000e+01
1615154491.1697764	1.29446700e-02	1.00000000e-04	4.30511716e-03	2.49220000e+01
1615154491.3772242	1.29440700e-02	1.00000000e-04	4.30408257e-03	2.49220000e+01
1615154491.5836728	1.29440700e-02	1.00000000e-04	4.30420129e-03	2.49220000e+01
1615154491.7891276	1.29450100e-02	1.00000000e-04	4.30588037e-03	2.49230000e+01
1615154491.993578	1.29452600e-02	1.00000000e-04	4.30464226e-03	2.49220000e+01
1615154492.199025	1.29457600e-02	1.00000000e-04	4.30471576e-03	2.49220000e+01
1615154492.4194357	1.29439100e-02	1.00000000e-04	4.30400596e-03	2.49230000e+01
1615154492.6248896	1.29450000e-02	1.00000000e-04	4.30540236e-03	2.49220000e+01
1615154492.847262	1.29455900e-02	1.00000000e-04	4.30472960e-03	2.49220000e+01
1615154493.0686927	1.29444200e-02	1.00000000e-04	4.30500662e-03	2.49220000e+01
1615154493.2741506	1.29452500e-02	1.00000000e-04	4.30479744e-03	2.49220000e+01
1615154493.4935336	1.29448400e-02	1.00000000e-04	4.30489920e-03	2.49220000e+01
1615154493.712946	1.29446600e-02	1.00000000e-04	4.30473525e-03	2.49220000e+01
1615154493.9203923	1.29464400e-02	1.00000000e-04	4.30399465e-03	2.49220000e+01
1615154494.1398356	1.29455200e-02	1.00000000e-04	4.30375155e-03	2.49230000e+01
1615154494.3612428	1.29451700e-02	1.00000000e-04	4.30419817e-03	2.49230000e+01
1615154494.5666635	1.29434000e-02	1.00000000e-04	4.30428298e-03	2.49230000e+01
1615154494.7721462	1.29437400e-02	1.00000000e-04	4.30364906e-03	2.49230000e+01
1615154494.9785612	1.29450900e-02	1.00000000e-04	4.30353033e-03	2.49220000e+01
1615154495.184012	1.29448400e-02	1.00000000e-04	4.30428224e-03	2.49220000e+01
1615154495.3884664	1.29455100e-02	1.00000000e-04	4.30402784e-03	2.49220000e+01
1615154495.593916	1.29440000e-02	1.00000000e-04	4.30369428e-03	2.49230000e+01
1615154495.8003638	1.29440900e-02	1.00000000e-04	4.30378474e-03	2.49230000e+01
1615154496.007841	1.29442500e-02	1.00000000e-04	4.30369994e-03	2.49220000e+01
1615154496.2122905	1.29443400e-02	1.00000000e-04	4.30351903e-03	2.49220000e+01
1615154496.4336715	1.29438200e-02	1.00000000e-04	4.30471756e-03	2.49220000e+01
1615154496.63915	1.29454300e-02	1.00000000e-04	4.30356425e-03	2.49220000e+01
1615154496.8605595	1.29428000e-02	1.00000000e-04	4.30424267e-03	2.49210000e+01
1615154497.0670092	1.29441600e-02	1.00000000e-04	4.30415221e-03	2.49230000e+01
1615154497.2883844	1.29450000e-02	1.00000000e-04	4.30402583e-03	2.49230000e+01
1615154497.4948657	1.29444200e-02	1.00000000e-04	4.30395798e-03	2.49240000e+01
1615154497.7013113	1.29437500e-02	1.00000000e-04	4.30396929e-03	2.49230000e+01
