1615156659.6564174	1.29454100e-02	1.00000000e-04	4.30762139e-03	2.49070000e+01
1615156659.8608997	1.29472600e-02	1.00000000e-04	4.30815847e-03	2.49070000e+01
1615156660.06632	1.29464200e-02	1.00000000e-04	4.30858813e-03	2.49080000e+01
1615156660.272768	1.29449200e-02	1.00000000e-04	4.30806802e-03	2.49090000e+01
1615156660.4792159	1.29449000e-02	1.00000000e-04	4.30801148e-03	2.49090000e+01
1615156660.6846952	1.29450000e-02	1.00000000e-04	4.30846376e-03	2.49090000e+01
1615156660.892113	1.29457300e-02	1.00000000e-04	4.30776273e-03	2.49090000e+01
1615156661.0965662	1.29467600e-02	1.00000000e-04	4.30788145e-03	2.49090000e+01
1615156661.3030436	1.29454900e-02	1.00000000e-04	4.31226288e-03	2.49090000e+01
1615156661.5094607	1.29480100e-02	1.00000000e-04	4.30993092e-03	2.49090000e+01
1615156661.730893	1.29471800e-02	1.00000000e-04	4.30932035e-03	2.49090000e+01
1615156661.9353232	1.29463300e-02	1.00000000e-04	4.30988569e-03	2.49090000e+01
1615156662.1567318	1.29459200e-02	1.00000000e-04	4.30902071e-03	2.49090000e+01
1615156662.3632016	1.29470100e-02	1.00000000e-04	4.31014010e-03	2.49090000e+01
1615156662.5696497	1.29472600e-02	1.00000000e-04	4.30853451e-03	2.49090000e+01
1615156662.7770722	1.29470100e-02	1.00000000e-04	4.30766388e-03	2.49090000e+01
1615156662.9785562	1.29473400e-02	1.00000000e-04	4.30999876e-03	2.49080000e+01
1615156663.1999402	1.29462600e-02	1.00000000e-04	4.30836491e-03	2.49080000e+01
1615156663.4063885	1.29486000e-02	1.00000000e-04	4.30872108e-03	2.49080000e+01
1615156663.6108427	1.29470100e-02	1.00000000e-04	4.30908855e-03	2.49070000e+01
1615156663.816293	1.29465800e-02	1.00000000e-04	4.30878892e-03	2.49070000e+01
1615156664.0367024	1.29460900e-02	1.00000000e-04	4.31017341e-03	2.49070000e+01
1615156664.2431793	1.29465800e-02	1.00000000e-04	4.30895226e-03	2.49070000e+01
1615156664.4505956	1.29465000e-02	1.00000000e-04	4.30878266e-03	2.49070000e+01
1615156664.67103	1.29465800e-02	1.00000000e-04	4.30869220e-03	2.49070000e+01
1615156664.892447	1.29457400e-02	1.00000000e-04	4.30892400e-03	2.49070000e+01
1615156665.0978646	1.29457400e-02	1.00000000e-04	4.30875439e-03	2.49070000e+01
1615156665.3023448	1.29468400e-02	1.00000000e-04	4.30861871e-03	2.49070000e+01
1615156665.5247533	1.29456600e-02	1.00000000e-04	4.30965895e-03	2.49070000e+01
1615156665.7431405	1.29476000e-02	1.00000000e-04	4.30859610e-03	2.49070000e+01
1615156665.9505847	1.29459100e-02	1.00000000e-04	4.30791768e-03	2.49070000e+01
1615156666.1700237	1.29451500e-02	1.00000000e-04	4.30813251e-03	2.49060000e+01
1615156666.3754482	1.29452400e-02	1.00000000e-04	4.30807598e-03	2.49060000e+01
1615156666.5799017	1.29469400e-02	1.00000000e-04	4.30746203e-03	2.49060000e+01
1615156666.8033333	1.29472600e-02	1.00000000e-04	4.30866622e-03	2.49060000e+01
1615156667.010778	1.29451500e-02	1.00000000e-04	4.30890932e-03	2.49060000e+01
1615156667.2311845	1.29452400e-02	1.00000000e-04	4.30879059e-03	2.49070000e+01
1615156667.4346466	1.29448200e-02	1.00000000e-04	4.30823655e-03	2.49080000e+01
1615156667.6420934	1.29470200e-02	1.00000000e-04	4.30888105e-03	2.49080000e+01
1615156667.8475363	1.29454100e-02	1.00000000e-04	4.30808391e-03	2.49080000e+01
1615156668.066925	1.29449100e-02	1.00000000e-04	4.30863795e-03	2.49070000e+01
1615156668.2873592	1.29452300e-02	1.00000000e-04	4.30811218e-03	2.49070000e+01
1615156668.4938147	1.29456700e-02	1.00000000e-04	4.30850227e-03	2.49060000e+01
1615156668.7012289	1.29465800e-02	1.00000000e-04	4.30781254e-03	2.49060000e+01
1615156668.9066794	1.29457400e-02	1.00000000e-04	4.30835528e-03	2.49060000e+01
1615156669.1141486	1.29457400e-02	1.00000000e-04	4.30869685e-03	2.49050000e+01
1615156669.336562	1.29449100e-02	1.00000000e-04	4.30797886e-03	2.49060000e+01
1615156669.5599635	1.29460700e-02	1.00000000e-04	4.30742482e-03	2.49060000e+01
1615156669.7813418	1.29448100e-02	1.00000000e-04	4.30774141e-03	2.49060000e+01
1615156670.0037456	1.29450800e-02	1.00000000e-04	4.30847071e-03	2.49060000e+01
1615156670.2251794	1.29457500e-02	1.00000000e-04	4.30833503e-03	2.49060000e+01
1615156670.4475586	1.29455800e-02	1.00000000e-04	4.30860074e-03	2.49060000e+01
1615156670.6689997	1.29461600e-02	1.00000000e-04	4.30790536e-03	2.49050000e+01
1615156670.8903756	1.29451600e-02	1.00000000e-04	4.30845375e-03	2.49050000e+01
1615156671.1117842	1.29457500e-02	1.00000000e-04	4.30778099e-03	2.49050000e+01
1615156671.3312201	1.29471000e-02	1.00000000e-04	4.32071612e-03	2.49060000e+01
1615156671.5546286	1.29480100e-02	1.00000000e-04	4.31081149e-03	2.49070000e+01
1615156671.777029	1.29482600e-02	1.00000000e-04	4.30979387e-03	2.49070000e+01
1615156671.9984126	1.29475200e-02	1.00000000e-04	4.31045532e-03	2.49060000e+01
1615156672.2198195	1.29464100e-02	1.00000000e-04	4.31002000e-03	2.49060000e+01
1615156672.4402313	1.29492000e-02	1.00000000e-04	4.30979952e-03	2.49060000e+01
1615156672.6626663	1.29465000e-02	1.00000000e-04	4.30884974e-03	2.49060000e+01
1615156672.8690841	1.29477700e-02	1.00000000e-04	4.30914372e-03	2.49060000e+01
1615156673.09052	1.29473300e-02	1.00000000e-04	4.30975995e-03	2.49060000e+01
1615156673.293977	1.29470100e-02	1.00000000e-04	4.31028006e-03	2.49060000e+01
1615156673.500425	1.29471000e-02	1.00000000e-04	4.30937551e-03	2.49060000e+01
1615156673.705874	1.29489300e-02	1.00000000e-04	4.31004262e-03	2.49060000e+01
1615156673.911296	1.29470100e-02	1.00000000e-04	4.31047532e-03	2.49070000e+01
1615156674.1317089	1.29485100e-02	1.00000000e-04	4.30893193e-03	2.49070000e+01
1615156674.3531468	1.29481100e-02	1.00000000e-04	4.30960469e-03	2.49070000e+01
1615156674.560561	1.29465900e-02	1.00000000e-04	4.31033964e-03	2.49070000e+01
1615156674.7809715	1.29485200e-02	1.00000000e-04	4.30939551e-03	2.49070000e+01
1615156674.986422	1.29457300e-02	1.00000000e-04	4.30960469e-03	2.49080000e+01
1615156675.206832	1.29463300e-02	1.00000000e-04	4.30880755e-03	2.49080000e+01
1615156675.4143043	1.29467500e-02	1.00000000e-04	4.30957077e-03	2.49080000e+01
1615156675.635686	1.29462600e-02	1.00000000e-04	4.30879625e-03	2.49080000e+01
1615156675.857122	1.29462500e-02	1.00000000e-04	4.30914676e-03	2.49080000e+01
1615156676.064539	1.29458300e-02	1.00000000e-04	4.30872275e-03	2.49070000e+01
1615156676.267994	1.29460900e-02	1.00000000e-04	4.30905065e-03	2.49070000e+01
1615156676.4884057	1.29457500e-02	1.00000000e-04	4.30903334e-03	2.49070000e+01
1615156676.6948826	1.29462500e-02	1.00000000e-04	4.30874501e-03	2.49070000e+01
1615156676.8993363	1.29465900e-02	1.00000000e-04	4.30889766e-03	2.49070000e+01
1615156677.106752	1.29463400e-02	1.00000000e-04	4.30759736e-03	2.49070000e+01
1615156677.312225	1.29465900e-02	1.00000000e-04	4.30876763e-03	2.49070000e+01
1615156677.5346305	1.29469200e-02	1.00000000e-04	4.30914076e-03	2.49070000e+01
1615156677.757012	1.29481000e-02	1.00000000e-04	4.30896550e-03	2.49070000e+01
1615156677.963484	1.29486900e-02	1.00000000e-04	4.30857541e-03	2.49070000e+01
1615156678.169908	1.29463300e-02	1.00000000e-04	4.30895419e-03	2.49070000e+01
1615156678.3763556	1.29456500e-02	1.00000000e-04	4.30895419e-03	2.49060000e+01
1615156678.582834	1.29467500e-02	1.00000000e-04	4.30960999e-03	2.49060000e+01
1615156678.7902792	1.29460900e-02	1.00000000e-04	4.30860933e-03	2.49070000e+01
1615156678.9957345	1.29468400e-02	1.00000000e-04	4.30894240e-03	2.49060000e+01
1615156679.2161407	1.29467600e-02	1.00000000e-04	4.30857492e-03	2.49060000e+01
1615156679.439514	1.29471800e-02	1.00000000e-04	4.30888586e-03	2.49060000e+01
1615156679.6469584	1.29457400e-02	1.00000000e-04	4.30863711e-03	2.49060000e+01
1615156679.8524325	1.29470100e-02	1.00000000e-04	4.30906677e-03	2.49060000e+01
1615156680.0598547	1.29469300e-02	1.00000000e-04	4.30882933e-03	2.49050000e+01
1615156680.2653317	1.29465900e-02	1.00000000e-04	4.30797565e-03	2.49050000e+01
1615156680.4867122	1.29459200e-02	1.00000000e-04	4.30800392e-03	2.49050000e+01
1615156680.7061255	1.29470900e-02	1.00000000e-04	4.30852404e-03	2.49050000e+01
1615156680.9125972	1.29464300e-02	1.00000000e-04	4.30883498e-03	2.49060000e+01
1615156681.120048	1.29464300e-02	1.00000000e-04	4.30874453e-03	2.49060000e+01
1615156681.3274639	1.29456600e-02	1.00000000e-04	4.31773353e-03	2.49050000e+01
1615156681.5319173	1.29489400e-02	1.00000000e-04	4.31044597e-03	2.49050000e+01
1615156681.752329	1.29480200e-02	1.00000000e-04	4.30946227e-03	2.49050000e+01
1615156681.9598057	1.29473400e-02	1.00000000e-04	4.31019157e-03	2.49050000e+01
1615156682.1672182	1.29467600e-02	1.00000000e-04	4.30962057e-03	2.49050000e+01
1615156682.3717039	1.29457400e-02	1.00000000e-04	4.31056470e-03	2.49050000e+01
1615156682.576125	1.29472700e-02	1.00000000e-04	4.30910045e-03	2.49050000e+01
1615156682.7806025	1.29474200e-02	1.00000000e-04	4.30979017e-03	2.49050000e+01
1615156683.0029833	1.29470900e-02	1.00000000e-04	4.31033856e-03	2.49050000e+01
1615156683.220403	1.29483500e-02	1.00000000e-04	4.30899869e-03	2.49050000e+01
1615156683.42688	1.29470900e-02	1.00000000e-04	4.30884604e-03	2.49060000e+01
1615156683.6342957	1.29471000e-02	1.00000000e-04	4.30889127e-03	2.49070000e+01
1615156683.8567004	1.29463300e-02	1.00000000e-04	4.30997674e-03	2.49070000e+01
1615156684.0761147	1.29471800e-02	1.00000000e-04	4.30958883e-03	2.49070000e+01
1615156684.2975214	1.29462500e-02	1.00000000e-04	4.30896130e-03	2.49070000e+01
1615156684.503985	1.29471800e-02	1.00000000e-04	4.30955491e-03	2.49070000e+01
1615156684.7234116	1.29472700e-02	1.00000000e-04	4.30960579e-03	2.49070000e+01
1615156684.928857	1.29473500e-02	1.00000000e-04	4.30972451e-03	2.49070000e+01
1615156685.134285	1.29465900e-02	1.00000000e-04	4.30997892e-03	2.49070000e+01
1615156685.3387372	1.29469300e-02	1.00000000e-04	4.30971321e-03	2.49070000e+01
1615156685.5432143	1.29471000e-02	1.00000000e-04	4.30852598e-03	2.49070000e+01
1615156685.762629	1.29472700e-02	1.00000000e-04	4.30902914e-03	2.49060000e+01
1615156685.9700487	1.29468400e-02	1.00000000e-04	4.31012026e-03	2.49060000e+01
1615156686.1924555	1.29464300e-02	1.00000000e-04	4.30881431e-03	2.49060000e+01
1615156686.4138944	1.29465000e-02	1.00000000e-04	4.30817546e-03	2.49060000e+01
1615156686.6193137	1.29468300e-02	1.00000000e-04	4.30857994e-03	2.49060000e+01
1615156686.8397553	1.29487000e-02	1.00000000e-04	4.30876085e-03	2.49060000e+01
1615156687.0471976	1.29465900e-02	1.00000000e-04	4.30848383e-03	2.49060000e+01
1615156687.2546148	1.29464100e-02	1.00000000e-04	4.30943361e-03	2.49070000e+01
1615156687.459068	1.29474300e-02	1.00000000e-04	4.30848948e-03	2.49060000e+01
1615156687.666512	1.29470900e-02	1.00000000e-04	4.30837076e-03	2.49070000e+01
1615156687.871963	1.29472500e-02	1.00000000e-04	4.30890784e-03	2.49060000e+01
1615156688.0774138	1.29468400e-02	1.00000000e-04	4.30854602e-03	2.49070000e+01
1615156688.2828898	1.29478400e-02	1.00000000e-04	4.30893045e-03	2.49070000e+01
1615156688.4903095	1.29464300e-02	1.00000000e-04	4.30944492e-03	2.49060000e+01
1615156688.7127159	1.29463300e-02	1.00000000e-04	4.30851775e-03	2.49060000e+01
1615156688.9351485	1.29472600e-02	1.00000000e-04	4.30913640e-03	2.49060000e+01
1615156689.1396158	1.29483400e-02	1.00000000e-04	4.30880285e-03	2.49060000e+01
1615156689.360981	1.29470100e-02	1.00000000e-04	4.30969044e-03	2.49060000e+01
1615156689.5664582	1.29471000e-02	1.00000000e-04	4.30971871e-03	2.49060000e+01
1615156689.786871	1.29471800e-02	1.00000000e-04	4.30979786e-03	2.49060000e+01
1615156689.992344	1.29465000e-02	1.00000000e-04	4.30962826e-03	2.49060000e+01
1615156690.2157257	1.29462600e-02	1.00000000e-04	4.30872370e-03	2.49060000e+01
1615156690.4221432	1.29454900e-02	1.00000000e-04	4.30853148e-03	2.49070000e+01
1615156690.628592	1.29458300e-02	1.00000000e-04	4.30962260e-03	2.49070000e+01
1615156690.847007	1.29461700e-02	1.00000000e-04	4.30898376e-03	2.49070000e+01
1615156691.068416	1.29461700e-02	1.00000000e-04	4.30874632e-03	2.49060000e+01
1615156691.2728693	1.29467700e-02	1.00000000e-04	4.30804529e-03	2.49060000e+01
1615156691.479354	1.29466800e-02	1.00000000e-04	4.30796624e-03	2.49070000e+01
1615156691.6847978	1.29463400e-02	1.00000000e-04	4.30795494e-03	2.49060000e+01
1615156691.8912156	1.29458300e-02	1.00000000e-04	4.30873512e-03	2.49060000e+01
1615156692.1126225	1.29454100e-02	1.00000000e-04	4.30815281e-03	2.49060000e+01
1615156692.3360262	1.29461800e-02	1.00000000e-04	4.30975839e-03	2.49070000e+01
1615156692.5584543	1.29461700e-02	1.00000000e-04	4.30844679e-03	2.49070000e+01
1615156692.7658768	1.29449900e-02	1.00000000e-04	4.30865597e-03	2.49070000e+01
1615156692.9863112	1.29465000e-02	1.00000000e-04	4.30922131e-03	2.49070000e+01
1615156693.1927652	1.29455800e-02	1.00000000e-04	4.30937961e-03	2.49070000e+01
1615156693.3992124	1.29455900e-02	1.00000000e-04	4.30866162e-03	2.49070000e+01
1615156693.6036587	1.29467600e-02	1.00000000e-04	4.30870120e-03	2.49070000e+01
1615156693.8081174	1.29459100e-02	1.00000000e-04	4.30816412e-03	2.49060000e+01
1615156694.0145679	1.29459200e-02	1.00000000e-04	4.30895348e-03	2.49060000e+01
1615156694.2359445	1.29471900e-02	1.00000000e-04	4.30864254e-03	2.49060000e+01
1615156694.4583514	1.29456700e-02	1.00000000e-04	4.30821853e-03	2.49050000e+01
1615156694.6647975	1.29457300e-02	1.00000000e-04	4.30921919e-03	2.49050000e+01
1615156694.8712752	1.29454900e-02	1.00000000e-04	4.30853512e-03	2.49050000e+01
1615156695.0767255	1.29460100e-02	1.00000000e-04	4.30910047e-03	2.49060000e+01
1615156695.283144	1.29462600e-02	1.00000000e-04	4.30804893e-03	2.49060000e+01
1615156695.4885957	1.29456700e-02	1.00000000e-04	4.30861427e-03	2.49060000e+01
1615156695.6950426	1.29458300e-02	1.00000000e-04	4.30927007e-03	2.49060000e+01
1615156695.9164503	1.29462500e-02	1.00000000e-04	4.30827506e-03	2.49050000e+01
1615156696.1378589	1.29462600e-02	1.00000000e-04	4.30820722e-03	2.49050000e+01
1615156696.357296	1.29469200e-02	1.00000000e-04	4.30850686e-03	2.49050000e+01
1615156696.5637429	1.29460000e-02	1.00000000e-04	4.30799032e-03	2.49060000e+01
1615156696.7831635	1.29467600e-02	1.00000000e-04	4.30838040e-03	2.49060000e+01
1615156696.990578	1.29460000e-02	1.00000000e-04	4.30826733e-03	2.49060000e+01
1615156697.1960287	1.29464300e-02	1.00000000e-04	4.30914362e-03	2.49050000e+01
1615156697.4174378	1.29455900e-02	1.00000000e-04	4.30809208e-03	2.49060000e+01
1615156697.622888	1.29466800e-02	1.00000000e-04	4.30840302e-03	2.49060000e+01
1615156697.8283386	1.29462600e-02	1.00000000e-04	4.30903621e-03	2.49060000e+01
1615156698.0477817	1.29465900e-02	1.00000000e-04	4.30799597e-03	2.49070000e+01
1615156698.2681625	1.29454900e-02	1.00000000e-04	4.30893444e-03	2.49060000e+01
1615156698.4756367	1.29462500e-02	1.00000000e-04	4.30923973e-03	2.49060000e+01
1615156698.6810863	1.29459300e-02	1.00000000e-04	4.30876484e-03	2.49060000e+01
1615156698.9024663	1.29461700e-02	1.00000000e-04	4.30839736e-03	2.49070000e+01
1615156699.1089141	1.29457500e-02	1.00000000e-04	4.30769444e-03	2.49060000e+01
1615156699.315385	1.29459900e-02	1.00000000e-04	4.30853680e-03	2.49070000e+01
1615156699.5377905	1.29460000e-02	1.00000000e-04	4.30842373e-03	2.49060000e+01
1615156699.758177	1.29460800e-02	1.00000000e-04	4.30868379e-03	2.49060000e+01
1615156699.9785886	1.29458300e-02	1.00000000e-04	4.30783012e-03	2.49060000e+01
1615156700.1850667	1.29449900e-02	1.00000000e-04	4.30764356e-03	2.49060000e+01
1615156700.3925126	1.29461600e-02	1.00000000e-04	4.30873467e-03	2.49060000e+01
1615156700.59796	1.29455900e-02	1.00000000e-04	4.30868945e-03	2.49060000e+01
1615156700.8173456	1.29450700e-02	1.00000000e-04	4.30940178e-03	2.49050000e+01
1615156701.0237935	1.29455700e-02	1.00000000e-04	4.30814672e-03	2.49050000e+01
1615156701.2442334	1.29459100e-02	1.00000000e-04	4.30747395e-03	2.49050000e+01
1615156701.450651	1.29451500e-02	1.00000000e-04	4.30890099e-03	2.49060000e+01
1615156701.672089	1.29464300e-02	1.00000000e-04	4.30838087e-03	2.49060000e+01
1615156701.8785367	1.29459100e-02	1.00000000e-04	4.30905363e-03	2.49060000e+01
1615156702.084956	1.29455000e-02	1.00000000e-04	4.30804732e-03	2.49060000e+01
1615156702.3063626	1.29446600e-02	1.00000000e-04	4.30887838e-03	2.49070000e+01
1615156702.5278018	1.29454900e-02	1.00000000e-04	4.30807559e-03	2.49070000e+01
