1615160077.0382817	1.29463300e-02	1.00000000e-04	4.31045645e-03	2.48750000e+01
1615160077.2577176	1.29462500e-02	1.00000000e-04	4.31034904e-03	2.48750000e+01
1615160077.4641426	1.29465100e-02	1.00000000e-04	4.30970455e-03	2.48740000e+01
1615160077.687544	1.29457600e-02	1.00000000e-04	4.30937099e-03	2.48750000e+01
1615160077.9079547	1.29458400e-02	1.00000000e-04	4.30873781e-03	2.48740000e+01
1615160078.1144047	1.29468500e-02	1.00000000e-04	4.31041123e-03	2.48750000e+01
1615160078.3198843	1.29456700e-02	1.00000000e-04	4.30988546e-03	2.48750000e+01
1615160078.5412612	1.29466000e-02	1.00000000e-04	4.30886784e-03	2.48750000e+01
1615160078.7636971	1.29559900e-02	1.00000000e-04	4.31301964e-03	2.48750000e+01
1615160078.9701436	1.29473500e-02	1.00000000e-04	4.31127272e-03	2.48750000e+01
1615160079.1755953	1.29468500e-02	1.00000000e-04	4.31044732e-03	2.48750000e+01
1615160079.3830435	1.29478600e-02	1.00000000e-04	4.30996678e-03	2.48740000e+01
1615160079.5904844	1.29478500e-02	1.00000000e-04	4.31093917e-03	2.48740000e+01
1615160079.7949097	1.29480100e-02	1.00000000e-04	4.31035687e-03	2.48740000e+01
1615160080.0003881	1.29464200e-02	1.00000000e-04	4.31086002e-03	2.48740000e+01
1615160080.204845	1.29462600e-02	1.00000000e-04	4.31084872e-03	2.48740000e+01
1615160080.427218	1.29472700e-02	1.00000000e-04	4.31059996e-03	2.48740000e+01
1615160080.6496232	1.29461800e-02	1.00000000e-04	4.30966149e-03	2.48730000e+01
1615160080.8550735	1.29456600e-02	1.00000000e-04	4.31061692e-03	2.48740000e+01
1615160081.0765107	1.29460100e-02	1.00000000e-04	4.31108051e-03	2.48740000e+01
1615160081.2819564	1.29481900e-02	1.00000000e-04	4.31034806e-03	2.48730000e+01
1615160081.5043612	1.29482600e-02	1.00000000e-04	4.31007670e-03	2.48730000e+01
1615160081.7267427	1.29467600e-02	1.00000000e-04	4.31108866e-03	2.48730000e+01
1615160081.9481797	1.29474300e-02	1.00000000e-04	4.30996928e-03	2.48730000e+01
1615160082.170586	1.29471000e-02	1.00000000e-04	4.31029153e-03	2.48730000e+01
1615160082.3909905	1.29464300e-02	1.00000000e-04	4.31097560e-03	2.48730000e+01
1615160082.5984356	1.29469300e-02	1.00000000e-04	4.31002582e-03	2.48730000e+01
1615160082.8048882	1.29470200e-02	1.00000000e-04	4.31026326e-03	2.48730000e+01
1615160083.0093145	1.29467700e-02	1.00000000e-04	4.30916649e-03	2.48730000e+01
1615160083.2297552	1.29458400e-02	1.00000000e-04	4.31119608e-03	2.48730000e+01
1615160083.4361713	1.29460000e-02	1.00000000e-04	4.31021238e-03	2.48730000e+01
1615160083.6585777	1.29463400e-02	1.00000000e-04	4.31022040e-03	2.48740000e+01
1615160083.881013	1.29456600e-02	1.00000000e-04	4.30998861e-03	2.48740000e+01
1615160084.086464	1.29464200e-02	1.00000000e-04	4.31029955e-03	2.48740000e+01
1615160084.3068428	1.29461800e-02	1.00000000e-04	4.30938934e-03	2.48740000e+01
1615160084.5272548	1.29469300e-02	1.00000000e-04	4.31078575e-03	2.48730000e+01
1615160084.7506573	1.29459200e-02	1.00000000e-04	4.31046915e-03	2.48730000e+01
1615160084.9571333	1.29455800e-02	1.00000000e-04	4.30924235e-03	2.48730000e+01
1615160085.1625805	1.29458300e-02	1.00000000e-04	4.31094970e-03	2.48730000e+01
1615160085.3849893	1.29471900e-02	1.00000000e-04	4.30964375e-03	2.48730000e+01
1615160085.6063921	1.29448200e-02	1.00000000e-04	4.30939500e-03	2.48740000e+01
1615160085.8118186	1.29470200e-02	1.00000000e-04	4.30954764e-03	2.48730000e+01
1615160086.018295	1.29459200e-02	1.00000000e-04	4.31074617e-03	2.48740000e+01
1615160086.2357159	1.29453300e-02	1.00000000e-04	4.31043280e-03	2.48740000e+01
1615160086.4421647	1.29460900e-02	1.00000000e-04	4.31008794e-03	2.48740000e+01
1615160086.649578	1.29456700e-02	1.00000000e-04	4.30908728e-03	2.48740000e+01
1615160086.8540606	1.29465100e-02	1.00000000e-04	4.30963567e-03	2.48740000e+01
1615160087.059483	1.29463500e-02	1.00000000e-04	4.30939822e-03	2.48740000e+01
1615160087.265931	1.29461800e-02	1.00000000e-04	4.30896856e-03	2.48740000e+01
1615160087.4713814	1.29458400e-02	1.00000000e-04	4.30974874e-03	2.48740000e+01
1615160087.6788268	1.29457600e-02	1.00000000e-04	4.31018970e-03	2.48740000e+01
1615160087.8862998	1.29457500e-02	1.00000000e-04	4.30961871e-03	2.48750000e+01
1615160088.106706	1.29460000e-02	1.00000000e-04	4.31082289e-03	2.48750000e+01
1615160088.3291168	1.29448200e-02	1.00000000e-04	4.30977700e-03	2.48740000e+01
1615160088.5494974	1.29455000e-02	1.00000000e-04	4.31019536e-03	2.48740000e+01
1615160088.7569425	1.29570800e-02	1.00000000e-04	4.31520482e-03	2.48740000e+01
1615160088.9773533	1.29479400e-02	1.00000000e-04	4.31186363e-03	2.48740000e+01
1615160089.1847987	1.29481100e-02	1.00000000e-04	4.31134916e-03	2.48740000e+01
1615160089.406241	1.29470100e-02	1.00000000e-04	4.31033154e-03	2.48740000e+01
1615160089.6266172	1.29470200e-02	1.00000000e-04	4.31164879e-03	2.48740000e+01
1615160089.8310711	1.29471800e-02	1.00000000e-04	4.31095907e-03	2.48730000e+01
1615160090.0514808	1.29462500e-02	1.00000000e-04	4.31135482e-03	2.48730000e+01
1615160090.2579577	1.29471100e-02	1.00000000e-04	4.31054072e-03	2.48730000e+01
1615160090.4644058	1.29469300e-02	1.00000000e-04	4.31000929e-03	2.48740000e+01
1615160090.6698284	1.29470100e-02	1.00000000e-04	4.31040504e-03	2.48740000e+01
1615160090.890267	1.29472700e-02	1.00000000e-04	4.31106084e-03	2.48740000e+01
1615160091.0967152	1.29473500e-02	1.00000000e-04	4.31059378e-03	2.48740000e+01
1615160091.3011634	1.29465200e-02	1.00000000e-04	4.31118174e-03	2.48730000e+01
1615160091.5065897	1.29473700e-02	1.00000000e-04	4.31131743e-03	2.48730000e+01
1615160091.714036	1.29465100e-02	1.00000000e-04	4.31063336e-03	2.48730000e+01
1615160091.9215045	1.29465900e-02	1.00000000e-04	4.31063336e-03	2.48730000e+01
1615160092.1289258	1.29466800e-02	1.00000000e-04	4.31127785e-03	2.48730000e+01
1615160092.350357	1.29471000e-02	1.00000000e-04	4.31004540e-03	2.48730000e+01
1615160092.5577786	1.29470100e-02	1.00000000e-04	4.31054856e-03	2.48740000e+01
1615160092.7642262	1.29447300e-02	1.00000000e-04	4.31097256e-03	2.48730000e+01
1615160092.9687083	1.29459200e-02	1.00000000e-04	4.31015847e-03	2.48730000e+01
1615160093.174132	1.29470100e-02	1.00000000e-04	4.30991537e-03	2.48730000e+01
1615160093.3805783	1.29462500e-02	1.00000000e-04	4.31039026e-03	2.48720000e+01
1615160093.587051	1.29465100e-02	1.00000000e-04	4.31036789e-03	2.48730000e+01
1615160093.7905116	1.29480200e-02	1.00000000e-04	4.31026047e-03	2.48730000e+01
1615160094.01292	1.29470200e-02	1.00000000e-04	4.31027178e-03	2.48730000e+01
1615160094.2332978	1.29472800e-02	1.00000000e-04	4.31061099e-03	2.48720000e+01
1615160094.439746	1.29454100e-02	1.00000000e-04	4.31051488e-03	2.48720000e+01
1615160094.6611784	1.29487000e-02	1.00000000e-04	4.31046400e-03	2.48730000e+01
1615160094.8676033	1.29462600e-02	1.00000000e-04	4.31100673e-03	2.48730000e+01
1615160095.0750756	1.29462500e-02	1.00000000e-04	4.31028874e-03	2.48720000e+01
1615160095.2804987	1.29467600e-02	1.00000000e-04	4.30936723e-03	2.48730000e+01
1615160095.5019064	1.29468500e-02	1.00000000e-04	4.30974601e-03	2.48730000e+01
1615160095.7084122	1.29492100e-02	1.00000000e-04	4.31084843e-03	2.48720000e+01
1615160095.9138746	1.29459100e-02	1.00000000e-04	4.31025482e-03	2.48720000e+01
1615160096.1192913	1.29459100e-02	1.00000000e-04	4.31137082e-03	2.48730000e+01
1615160096.3247411	1.29491300e-02	1.00000000e-04	4.31012141e-03	2.48730000e+01
1615160096.5301907	1.29470100e-02	1.00000000e-04	4.31051150e-03	2.48730000e+01
1615160096.7515996	1.29484400e-02	1.00000000e-04	4.31063022e-03	2.48730000e+01
1615160096.9590435	1.29471800e-02	1.00000000e-04	4.31003095e-03	2.48730000e+01
1615160097.18145	1.29468500e-02	1.00000000e-04	4.31025709e-03	2.48740000e+01
1615160097.4028833	1.29468500e-02	1.00000000e-04	4.31003661e-03	2.48740000e+01
1615160097.6083074	1.29460900e-02	1.00000000e-04	4.31115599e-03	2.48740000e+01
1615160097.81279	1.29487900e-02	1.00000000e-04	4.31077156e-03	2.48730000e+01
1615160098.032207	1.29465100e-02	1.00000000e-04	4.30960694e-03	2.48730000e+01
1615160098.251621	1.29475200e-02	1.00000000e-04	4.30979351e-03	2.48730000e+01
1615160098.4719977	1.29466800e-02	1.00000000e-04	4.31053411e-03	2.48730000e+01
1615160098.6774771	1.29452300e-02	1.00000000e-04	4.31618520e-03	2.48730000e+01
1615160098.8829277	1.29472500e-02	1.00000000e-04	4.31199599e-03	2.48730000e+01
1615160099.102312	1.29457300e-02	1.00000000e-04	4.31154937e-03	2.48730000e+01
1615160099.3067677	1.29477700e-02	1.00000000e-04	4.31161155e-03	2.48730000e+01
1615160099.5132134	1.29465900e-02	1.00000000e-04	4.31196207e-03	2.48730000e+01
1615160099.7186642	1.29487000e-02	1.00000000e-04	4.31100098e-03	2.48730000e+01
1615160099.938106	1.29460800e-02	1.00000000e-04	4.31095010e-03	2.48740000e+01
1615160100.1425319	1.29484500e-02	1.00000000e-04	4.31123277e-03	2.48750000e+01
1615160100.347981	1.29474300e-02	1.00000000e-04	4.31130061e-03	2.48740000e+01
1615160100.5554273	1.29480200e-02	1.00000000e-04	4.31005120e-03	2.48740000e+01
1615160100.7599034	1.29478600e-02	1.00000000e-04	4.31215429e-03	2.48740000e+01
1615160100.9633355	1.29480300e-02	1.00000000e-04	4.31140803e-03	2.48740000e+01
1615160101.1667914	1.29471800e-02	1.00000000e-04	4.31155326e-03	2.48740000e+01
1615160101.3732393	1.29472700e-02	1.00000000e-04	4.31064871e-03	2.48740000e+01
1615160101.57869	1.29478600e-02	1.00000000e-04	4.31052433e-03	2.48740000e+01
1615160101.7851624	1.29468500e-02	1.00000000e-04	4.31096530e-03	2.48750000e+01
1615160101.9915857	1.29474400e-02	1.00000000e-04	4.31054129e-03	2.48750000e+01
1615160102.1980577	1.29472700e-02	1.00000000e-04	4.31056390e-03	2.48740000e+01
1615160102.4035141	1.29481900e-02	1.00000000e-04	4.31153630e-03	2.48740000e+01
1615160102.6259181	1.29471000e-02	1.00000000e-04	4.31145150e-03	2.48730000e+01
1615160102.846301	1.29480300e-02	1.00000000e-04	4.31101618e-03	2.48730000e+01
1615160103.0527503	1.29471800e-02	1.00000000e-04	4.31092573e-03	2.48740000e+01
1615160103.2572024	1.29472600e-02	1.00000000e-04	4.31040561e-03	2.48730000e+01
1615160103.4786103	1.29482700e-02	1.00000000e-04	4.31155891e-03	2.48730000e+01
1615160103.7010145	1.29477700e-02	1.00000000e-04	4.30998725e-03	2.48730000e+01
1615160103.9054947	1.29473500e-02	1.00000000e-04	4.30997029e-03	2.48740000e+01
1615160104.1119168	1.29471000e-02	1.00000000e-04	4.31089746e-03	2.48740000e+01
1615160104.319385	1.29480300e-02	1.00000000e-04	4.31128755e-03	2.48740000e+01
1615160104.540769	1.29473500e-02	1.00000000e-04	4.31053564e-03	2.48740000e+01
1615160104.748216	1.29483700e-02	1.00000000e-04	4.31097661e-03	2.48740000e+01
1615160104.9536657	1.29463400e-02	1.00000000e-04	4.31111794e-03	2.48740000e+01
1615160105.1591442	1.29463400e-02	1.00000000e-04	4.30989114e-03	2.48730000e+01
1615160105.364567	1.29469300e-02	1.00000000e-04	4.31054129e-03	2.48730000e+01
1615160105.5700402	1.29462500e-02	1.00000000e-04	4.31058086e-03	2.48730000e+01
1615160105.79342	1.29468500e-02	1.00000000e-04	4.31139496e-03	2.48730000e+01
1615160106.014862	1.29464300e-02	1.00000000e-04	4.31013424e-03	2.48740000e+01
1615160106.2192812	1.29454200e-02	1.00000000e-04	4.31044271e-03	2.48740000e+01
1615160106.425757	1.29467700e-02	1.00000000e-04	4.30995651e-03	2.48730000e+01
1615160106.6451735	1.29464300e-02	1.00000000e-04	4.31018265e-03	2.48730000e+01
1615160106.8515894	1.29468500e-02	1.00000000e-04	4.31035791e-03	2.48730000e+01
1615160107.0590355	1.29457500e-02	1.00000000e-04	4.31014873e-03	2.48730000e+01
1615160107.266481	1.29458300e-02	1.00000000e-04	4.31095718e-03	2.48730000e+01
1615160107.4719605	1.29469300e-02	1.00000000e-04	4.31109851e-03	2.48730000e+01
1615160107.6783783	1.29461700e-02	1.00000000e-04	4.31081019e-03	2.48730000e+01
1615160107.8838608	1.29463400e-02	1.00000000e-04	4.30937986e-03	2.48730000e+01
1615160108.090278	1.29457500e-02	1.00000000e-04	4.31098544e-03	2.48730000e+01
1615160108.2957284	1.29469200e-02	1.00000000e-04	4.30995086e-03	2.48730000e+01
1615160108.516138	1.29465100e-02	1.00000000e-04	4.31088368e-03	2.48730000e+01
1615160108.719626	1.29466900e-02	1.00000000e-04	4.31066532e-03	2.48730000e+01
1615160108.9270682	1.29468500e-02	1.00000000e-04	4.31072185e-03	2.48730000e+01
1615160109.1494448	1.29461800e-02	1.00000000e-04	4.31005475e-03	2.48730000e+01
1615160109.3718507	1.29464300e-02	1.00000000e-04	4.31119674e-03	2.48730000e+01
1615160109.5932574	1.29466700e-02	1.00000000e-04	4.31041657e-03	2.48730000e+01
1615160109.7987082	1.29456700e-02	1.00000000e-04	4.30922934e-03	2.48730000e+01
1615160110.0031617	1.29466800e-02	1.00000000e-04	4.31148507e-03	2.48730000e+01
1615160110.2076392	1.29472600e-02	1.00000000e-04	4.30959681e-03	2.48730000e+01
1615160110.430021	1.29454900e-02	1.00000000e-04	4.31077273e-03	2.48730000e+01
1615160110.6354706	1.29469400e-02	1.00000000e-04	4.30998690e-03	2.48740000e+01
1615160110.8419194	1.29469300e-02	1.00000000e-04	4.31051268e-03	2.48740000e+01
1615160111.047369	1.29467600e-02	1.00000000e-04	4.30977798e-03	2.48740000e+01
1615160111.253817	1.29463400e-02	1.00000000e-04	4.30905434e-03	2.48730000e+01
1615160111.4752262	1.29464200e-02	1.00000000e-04	4.30957446e-03	2.48720000e+01
1615160111.6966329	1.29462500e-02	1.00000000e-04	4.30980059e-03	2.48730000e+01
1615160111.919067	1.29473500e-02	1.00000000e-04	4.31000977e-03	2.48730000e+01
1615160112.126484	1.29460900e-02	1.00000000e-04	4.31062600e-03	2.48720000e+01
1615160112.34792	1.29448200e-02	1.00000000e-04	4.30987974e-03	2.48720000e+01
1615160112.5543654	1.29470100e-02	1.00000000e-04	4.31007761e-03	2.48730000e+01
1615160112.775748	1.29452500e-02	1.00000000e-04	4.31029245e-03	2.48730000e+01
1615160112.9961588	1.29459200e-02	1.00000000e-04	4.30911653e-03	2.48720000e+01
1615160113.2026389	1.29465900e-02	1.00000000e-04	4.30959707e-03	2.48730000e+01
1615160113.4090548	1.29456700e-02	1.00000000e-04	4.31007196e-03	2.48720000e+01
1615160113.6145365	1.29460100e-02	1.00000000e-04	4.30961671e-03	2.48720000e+01
1615160113.8209755	1.29451500e-02	1.00000000e-04	4.30934535e-03	2.48730000e+01
1615160114.0254364	1.29452400e-02	1.00000000e-04	4.30979762e-03	2.48730000e+01
1615160114.231853	1.29460000e-02	1.00000000e-04	4.30979762e-03	2.48730000e+01
1615160114.4383023	1.29451600e-02	1.00000000e-04	4.30970717e-03	2.48740000e+01
1615160114.643782	1.29459900e-02	1.00000000e-04	4.30989939e-03	2.48740000e+01
1615160114.850229	1.29461800e-02	1.00000000e-04	4.31037428e-03	2.48740000e+01
1615160115.0696127	1.29460100e-02	1.00000000e-04	4.31094528e-03	2.48740000e+01
1615160115.2760606	1.29460000e-02	1.00000000e-04	4.30991635e-03	2.48730000e+01
1615160115.4984925	1.29468400e-02	1.00000000e-04	4.31090570e-03	2.48730000e+01
1615160115.7208714	1.29451600e-02	1.00000000e-04	4.31000680e-03	2.48730000e+01
1615160115.9283168	1.29464300e-02	1.00000000e-04	4.30914748e-03	2.48730000e+01
1615160116.1327715	1.29453300e-02	1.00000000e-04	4.31000165e-03	2.48720000e+01
1615160116.3542016	1.29452500e-02	1.00000000e-04	4.31014299e-03	2.48720000e+01
1615160116.574617	1.29450800e-02	1.00000000e-04	4.31061788e-03	2.48730000e+01
1615160116.7810364	1.29455800e-02	1.00000000e-04	4.31038043e-03	2.48740000e+01
1615160117.0034425	1.29469400e-02	1.00000000e-04	4.30943065e-03	2.48730000e+01
1615160117.2099195	1.29458300e-02	1.00000000e-04	4.31011472e-03	2.48740000e+01
1615160117.4313276	1.29460800e-02	1.00000000e-04	4.30997903e-03	2.48740000e+01
1615160117.6367478	1.29466000e-02	1.00000000e-04	4.30922712e-03	2.48750000e+01
1615160117.8422275	1.29457600e-02	1.00000000e-04	4.31019952e-03	2.48740000e+01
1615160118.0486465	1.29457600e-02	1.00000000e-04	4.30949284e-03	2.48740000e+01
1615160118.2550948	1.29450700e-02	1.00000000e-04	4.31056700e-03	2.48740000e+01
1615160118.4615421	1.29465200e-02	1.00000000e-04	4.30898402e-03	2.48740000e+01
1615160118.681984	1.29463400e-02	1.00000000e-04	4.31062353e-03	2.48740000e+01
1615160118.8874335	1.29456600e-02	1.00000000e-04	4.31043697e-03	2.48740000e+01
1615160119.1068492	1.29455700e-02	1.00000000e-04	4.31104189e-03	2.48740000e+01
1615160119.3132648	1.29459100e-02	1.00000000e-04	4.30954372e-03	2.48750000e+01
1615160119.5317059	1.29458400e-02	1.00000000e-04	4.30965113e-03	2.48740000e+01
1615160119.736162	1.29456600e-02	1.00000000e-04	4.30964548e-03	2.48740000e+01
