1615163774.2338216	1.29466000e-02	1.00000000e-04	4.31156977e-03	2.48350000e+01
1615163774.4402742	1.29461700e-02	1.00000000e-04	4.31108321e-03	2.48360000e+01
1615163774.6476915	1.29469400e-02	1.00000000e-04	4.31229871e-03	2.48360000e+01
1615163774.853141	1.29458400e-02	1.00000000e-04	4.31141677e-03	2.48350000e+01
1615163775.0596182	1.29474400e-02	1.00000000e-04	4.31068182e-03	2.48350000e+01
1615163775.2790322	1.29460000e-02	1.00000000e-04	4.31097014e-03	2.48340000e+01
1615163775.4834795	1.29463400e-02	1.00000000e-04	4.31132631e-03	2.48340000e+01
1615163775.6899045	1.29458400e-02	1.00000000e-04	4.31133196e-03	2.48330000e+01
1615163775.8973486	1.29466000e-02	1.00000000e-04	4.31137719e-03	2.48330000e+01
1615163776.1038313	1.29506300e-02	1.00000000e-04	4.31478058e-03	2.48330000e+01
1615163776.3102446	1.29495500e-02	1.00000000e-04	4.31487103e-03	2.48330000e+01
1615163776.514722	1.29497800e-02	1.00000000e-04	4.31411347e-03	2.48340000e+01
1615163776.7211747	1.29491100e-02	1.00000000e-04	4.31314673e-03	2.48350000e+01
1615163776.9275947	1.29489400e-02	1.00000000e-04	4.31397237e-03	2.48350000e+01
1615163777.134042	1.29479400e-02	1.00000000e-04	4.31375189e-03	2.48360000e+01
1615163777.3524587	1.29488600e-02	1.00000000e-04	4.31454903e-03	2.48350000e+01
1615163777.5589066	1.29473400e-02	1.00000000e-04	4.31310740e-03	2.48350000e+01
1615163777.7643847	1.29496200e-02	1.00000000e-04	4.31269469e-03	2.48350000e+01
1615163777.9698396	1.29497900e-02	1.00000000e-04	4.31298302e-03	2.48340000e+01
1615163778.192213	1.29480200e-02	1.00000000e-04	4.31271165e-03	2.48330000e+01
1615163778.4136207	1.29478600e-02	1.00000000e-04	4.31292083e-03	2.48340000e+01
1615163778.6360261	1.29487000e-02	1.00000000e-04	4.31248551e-03	2.48330000e+01
1615163778.8584301	1.29481900e-02	1.00000000e-04	4.31338442e-03	2.48330000e+01
1615163779.065876	1.29491200e-02	1.00000000e-04	4.31262120e-03	2.48340000e+01
1615163779.289278	1.29474400e-02	1.00000000e-04	4.31210673e-03	2.48340000e+01
1615163779.5097125	1.29480300e-02	1.00000000e-04	4.31305112e-03	2.48330000e+01
1615163779.7161605	1.29465900e-02	1.00000000e-04	4.31198827e-03	2.48340000e+01
1615163779.9236107	1.29470100e-02	1.00000000e-04	4.31002086e-03	2.48340000e+01
1615163780.1300588	1.29493700e-02	1.00000000e-04	4.31325464e-03	2.48340000e+01
1615163780.3355038	1.29479400e-02	1.00000000e-04	4.31137769e-03	2.48350000e+01
1615163780.5409548	1.29480300e-02	1.00000000e-04	4.31220310e-03	2.48350000e+01
1615163780.748406	1.29471000e-02	1.00000000e-04	4.31209003e-03	2.48350000e+01
1615163780.9528599	1.29475200e-02	1.00000000e-04	4.31167733e-03	2.48350000e+01
1615163781.1602762	1.29485300e-02	1.00000000e-04	4.31110633e-03	2.48340000e+01
1615163781.3647277	1.29487000e-02	1.00000000e-04	4.31160383e-03	2.48340000e+01
1615163781.5841649	1.29476100e-02	1.00000000e-04	4.31153599e-03	2.48340000e+01
1615163781.7895927	1.29476100e-02	1.00000000e-04	4.31238966e-03	2.48340000e+01
1615163781.996068	1.29486100e-02	1.00000000e-04	4.31255143e-03	2.48340000e+01
1615163782.203485	1.29471900e-02	1.00000000e-04	4.31203696e-03	2.48340000e+01
1615163782.407967	1.29466800e-02	1.00000000e-04	4.31146031e-03	2.48330000e+01
1615163782.6293461	1.29455800e-02	1.00000000e-04	4.31149988e-03	2.48340000e+01
1615163782.8497856	1.29487800e-02	1.00000000e-04	4.31177690e-03	2.48340000e+01
1615163783.072192	1.29472800e-02	1.00000000e-04	4.31328638e-03	2.48350000e+01
1615163783.2796361	1.29472900e-02	1.00000000e-04	4.31224049e-03	2.48340000e+01
1615163783.5000482	1.29472800e-02	1.00000000e-04	4.31218961e-03	2.48330000e+01
1615163783.7064657	1.29476100e-02	1.00000000e-04	4.31246663e-03	2.48330000e+01
1615163783.9129481	1.29472700e-02	1.00000000e-04	4.31195216e-03	2.48330000e+01
1615163784.1323562	1.29473500e-02	1.00000000e-04	4.31183344e-03	2.48330000e+01
1615163784.338776	1.29477800e-02	1.00000000e-04	4.31087849e-03	2.48340000e+01
1615163784.5572145	1.29463500e-02	1.00000000e-04	4.31206572e-03	2.48340000e+01
1615163784.76466	1.29478600e-02	1.00000000e-04	4.31201484e-03	2.48340000e+01
1615163784.9880712	1.29466800e-02	1.00000000e-04	4.31199788e-03	2.48340000e+01
1615163785.2094784	1.29470200e-02	1.00000000e-04	4.31128554e-03	2.48330000e+01
1615163785.4139018	1.29492100e-02	1.00000000e-04	4.31094068e-03	2.48330000e+01
1615163785.6203763	1.29473500e-02	1.00000000e-04	4.31220140e-03	2.48340000e+01
1615163785.827825	1.29470200e-02	1.00000000e-04	4.31111028e-03	2.48340000e+01
1615163786.0352385	1.29524100e-02	1.00000000e-04	4.31480765e-03	2.48340000e+01
1615163786.2566705	1.29502100e-02	1.00000000e-04	4.31434972e-03	2.48340000e+01
1615163786.4780855	1.29512400e-02	1.00000000e-04	4.31369391e-03	2.48330000e+01
1615163786.7004893	1.29502100e-02	1.00000000e-04	4.31353562e-03	2.48330000e+01
1615163786.9228659	1.29487900e-02	1.00000000e-04	4.31311978e-03	2.48330000e+01
1615163787.144305	1.29494500e-02	1.00000000e-04	4.31423351e-03	2.48340000e+01
1615163787.3636866	1.29480200e-02	1.00000000e-04	4.31356640e-03	2.48340000e+01
1615163787.568139	1.29475200e-02	1.00000000e-04	4.31392822e-03	2.48340000e+01
1615163787.7915711	1.29469300e-02	1.00000000e-04	4.31375862e-03	2.48350000e+01
1615163788.0119832	1.29481200e-02	1.00000000e-04	4.31320458e-03	2.48350000e+01
1615163788.218401	1.29492000e-02	1.00000000e-04	4.31259966e-03	2.48340000e+01
1615163788.4248478	1.29473600e-02	1.00000000e-04	4.31269012e-03	2.48340000e+01
1615163788.6303272	1.29483600e-02	1.00000000e-04	4.31326677e-03	2.48340000e+01
1615163788.8367755	1.29488700e-02	1.00000000e-04	4.31326677e-03	2.48340000e+01
1615163789.0422246	1.29487000e-02	1.00000000e-04	4.31314805e-03	2.48340000e+01
1615163789.2606432	1.29479500e-02	1.00000000e-04	4.31308586e-03	2.48350000e+01
1615163789.4670608	1.29493700e-02	1.00000000e-04	4.31342507e-03	2.48350000e+01
1615163789.6894948	1.29479400e-02	1.00000000e-04	4.31250355e-03	2.48340000e+01
1615163789.8949165	1.29475200e-02	1.00000000e-04	4.31270708e-03	2.48350000e+01
1615163790.1163251	1.29467600e-02	1.00000000e-04	4.31318197e-03	2.48350000e+01
1615163790.3367352	1.29500500e-02	1.00000000e-04	4.31256009e-03	2.48350000e+01
1615163790.541213	1.29477700e-02	1.00000000e-04	4.31252051e-03	2.48350000e+01
1615163790.748663	1.29497900e-02	1.00000000e-04	4.31209650e-03	2.48350000e+01
1615163790.953088	1.29476900e-02	1.00000000e-04	4.31187036e-03	2.48350000e+01
1615163791.1595638	1.29481100e-02	1.00000000e-04	4.31215304e-03	2.48360000e+01
1615163791.3799715	1.29482000e-02	1.00000000e-04	4.31163857e-03	2.48360000e+01
1615163791.5864284	1.29474400e-02	1.00000000e-04	4.31181383e-03	2.48370000e+01
1615163791.7928767	1.29488700e-02	1.00000000e-04	4.31219778e-03	2.48370000e+01
1615163791.9983246	1.29464300e-02	1.00000000e-04	4.31229954e-03	2.48360000e+01
1615163792.2047398	1.29481100e-02	1.00000000e-04	4.31195468e-03	2.48360000e+01
1615163792.4122138	1.29476100e-02	1.00000000e-04	4.31207905e-03	2.48360000e+01
1615163792.6166387	1.29472800e-02	1.00000000e-04	4.31211863e-03	2.48360000e+01
1615163792.824085	1.29476100e-02	1.00000000e-04	4.31169462e-03	2.48360000e+01
1615163793.0315297	1.29465900e-02	1.00000000e-04	4.31247479e-03	2.48350000e+01
1615163793.2519715	1.29486200e-02	1.00000000e-04	4.31229388e-03	2.48350000e+01
1615163793.4594169	1.29470100e-02	1.00000000e-04	4.31233346e-03	2.48350000e+01
1615163793.6787977	1.29472700e-02	1.00000000e-04	4.31196033e-03	2.48340000e+01
1615163793.8862724	1.29472700e-02	1.00000000e-04	4.31236173e-03	2.48340000e+01
1615163794.0916939	1.29477000e-02	1.00000000e-04	4.31251437e-03	2.48340000e+01
1615163794.2981417	1.29481100e-02	1.00000000e-04	4.31149488e-03	2.48340000e+01
1615163794.5035932	1.29468500e-02	1.00000000e-04	4.31220156e-03	2.48340000e+01
1615163794.7090433	1.29486100e-02	1.00000000e-04	4.31180017e-03	2.48340000e+01
1615163794.930483	1.29471800e-02	1.00000000e-04	4.31176624e-03	2.48340000e+01
1615163795.1368988	1.29471800e-02	1.00000000e-04	4.31202065e-03	2.48350000e+01
1615163795.3443687	1.29476900e-02	1.00000000e-04	4.31209415e-03	2.48360000e+01
1615163795.5497956	1.29484500e-02	1.00000000e-04	4.31163056e-03	2.48360000e+01
1615163795.7562435	1.29474400e-02	1.00000000e-04	4.31213372e-03	2.48350000e+01
1615163795.963718	1.29656700e-02	1.00000000e-04	4.31996941e-03	2.48340000e+01
1615163796.1691394	1.29507900e-02	1.00000000e-04	4.31579716e-03	2.48340000e+01
1615163796.3755863	1.29516400e-02	1.00000000e-04	4.31496045e-03	2.48330000e+01
1615163796.581067	1.29506200e-02	1.00000000e-04	4.31520920e-03	2.48330000e+01
1615163796.7864873	1.29508800e-02	1.00000000e-04	4.31505115e-03	2.48320000e+01
1615163796.9939654	1.29507200e-02	1.00000000e-04	4.31497765e-03	2.48320000e+01
1615163797.2004046	1.29505500e-02	1.00000000e-04	4.31514160e-03	2.48330000e+01
1615163797.4068522	1.29489500e-02	1.00000000e-04	4.31441796e-03	2.48330000e+01
1615163797.627275	1.29500500e-02	1.00000000e-04	4.31404483e-03	2.48340000e+01
1615163797.831725	1.29496200e-02	1.00000000e-04	4.31494373e-03	2.48340000e+01
1615163798.0531013	1.29476700e-02	1.00000000e-04	4.31377347e-03	2.48340000e+01
1615163798.2605693	1.29506400e-02	1.00000000e-04	4.31369997e-03	2.48340000e+01
1615163798.4660265	1.29493700e-02	1.00000000e-04	4.31296502e-03	2.48340000e+01
1615163798.6714468	1.29490300e-02	1.00000000e-04	4.31356429e-03	2.48350000e+01
1615163798.892856	1.29497100e-02	1.00000000e-04	4.31355298e-03	2.48350000e+01
1615163799.0983057	1.29503000e-02	1.00000000e-04	4.31391480e-03	2.48350000e+01
1615163799.3047533	1.29503000e-02	1.00000000e-04	4.31428769e-03	2.48350000e+01
1615163799.5102384	1.29491300e-02	1.00000000e-04	4.31336617e-03	2.48340000e+01
1615163799.7156544	1.29488600e-02	1.00000000e-04	4.31377888e-03	2.48340000e+01
1615163799.937062	1.29469200e-02	1.00000000e-04	4.31365450e-03	2.48340000e+01
1615163800.143539	1.29477700e-02	1.00000000e-04	4.31267080e-03	2.48340000e+01
1615163800.3499591	1.29484400e-02	1.00000000e-04	4.31319092e-03	2.48330000e+01
1615163800.5544124	1.29495300e-02	1.00000000e-04	4.31349055e-03	2.48330000e+01
1615163800.7608593	1.29476000e-02	1.00000000e-04	4.31282909e-03	2.48330000e+01
1615163800.982298	1.29493000e-02	1.00000000e-04	4.31316830e-03	2.48330000e+01
1615163801.2027082	1.29492900e-02	1.00000000e-04	4.31318526e-03	2.48330000e+01
1615163801.4231195	1.29491200e-02	1.00000000e-04	4.31270472e-03	2.48330000e+01
1615163801.6285398	1.29481900e-02	1.00000000e-04	4.31285171e-03	2.48340000e+01
1615163801.8329923	1.29486100e-02	1.00000000e-04	4.31330561e-03	2.48340000e+01
1615163802.054435	1.29479400e-02	1.00000000e-04	4.31279114e-03	2.48340000e+01
1615163802.2748394	1.29492000e-02	1.00000000e-04	4.31273461e-03	2.48350000e+01
1615163802.480261	1.29483600e-02	1.00000000e-04	4.31191486e-03	2.48340000e+01
1615163802.6996982	1.29487800e-02	1.00000000e-04	4.31333953e-03	2.48340000e+01
1615163802.9061224	1.29492100e-02	1.00000000e-04	4.31308512e-03	2.48340000e+01
1615163803.1096072	1.29487000e-02	1.00000000e-04	4.31309643e-03	2.48330000e+01
1615163803.3310235	1.29477700e-02	1.00000000e-04	4.31209012e-03	2.48320000e+01
1615163803.5364683	1.29491200e-02	1.00000000e-04	4.31211838e-03	2.48330000e+01
1615163803.7528868	1.29479400e-02	1.00000000e-04	4.31231060e-03	2.48330000e+01
1615163803.958337	1.29497100e-02	1.00000000e-04	4.31293248e-03	2.48330000e+01
1615163804.1797469	1.29473500e-02	1.00000000e-04	4.31284203e-03	2.48330000e+01
1615163804.3861883	1.29480300e-02	1.00000000e-04	4.31248046e-03	2.48330000e+01
1615163804.5936387	1.29475300e-02	1.00000000e-04	4.31288186e-03	2.48330000e+01
1615163804.7960684	1.29480300e-02	1.00000000e-04	4.31250873e-03	2.48330000e+01
1615163805.0164804	1.29466700e-02	1.00000000e-04	4.31290447e-03	2.48330000e+01
1615163805.2209327	1.29495500e-02	1.00000000e-04	4.31240696e-03	2.48330000e+01
1615163805.4253988	1.29477800e-02	1.00000000e-04	4.31318149e-03	2.48340000e+01
1615163805.6308684	1.29475200e-02	1.00000000e-04	4.31173986e-03	2.48340000e+01
1615163805.8332946	1.29479500e-02	1.00000000e-04	4.31340763e-03	2.48350000e+01
1615163806.0557284	1.29480300e-02	1.00000000e-04	4.31225997e-03	2.48340000e+01
1615163806.2761104	1.29470900e-02	1.00000000e-04	4.31158721e-03	2.48350000e+01
1615163806.4815612	1.29492000e-02	1.00000000e-04	4.31201122e-03	2.48340000e+01
1615163806.687035	1.29482800e-02	1.00000000e-04	4.31205645e-03	2.48340000e+01
1615163806.8934605	1.29471800e-02	1.00000000e-04	4.31263851e-03	2.48340000e+01
1615163807.1009374	1.29470000e-02	1.00000000e-04	4.31255371e-03	2.48340000e+01
1615163807.320349	1.29471700e-02	1.00000000e-04	4.31227669e-03	2.48340000e+01
1615163807.5277634	1.29469200e-02	1.00000000e-04	4.31221450e-03	2.48340000e+01
1615163807.7332509	1.29475200e-02	1.00000000e-04	4.31261024e-03	2.48340000e+01
1615163807.9406593	1.29483600e-02	1.00000000e-04	4.31155870e-03	2.48340000e+01
1615163808.146139	1.29480300e-02	1.00000000e-04	4.31125341e-03	2.48330000e+01
1615163808.3515909	1.29473600e-02	1.00000000e-04	4.31268939e-03	2.48350000e+01
1615163808.5719995	1.29480300e-02	1.00000000e-04	4.31184137e-03	2.48350000e+01
1615163808.7774231	1.29499600e-02	1.00000000e-04	4.31311906e-03	2.48350000e+01
1615163808.9988537	1.29478600e-02	1.00000000e-04	4.31224842e-03	2.48350000e+01
1615163809.2032826	1.29490300e-02	1.00000000e-04	4.31140606e-03	2.48350000e+01
1615163809.4097543	1.29484500e-02	1.00000000e-04	4.31194290e-03	2.48350000e+01
1615163809.6301413	1.29490300e-02	1.00000000e-04	4.31238953e-03	2.48350000e+01
1615163809.8505807	1.29470100e-02	1.00000000e-04	4.31251956e-03	2.48350000e+01
1615163810.0739832	1.29476900e-02	1.00000000e-04	4.31169415e-03	2.48340000e+01
1615163810.2973876	1.29479400e-02	1.00000000e-04	4.31220296e-03	2.48330000e+01
1615163810.5008147	1.29470100e-02	1.00000000e-04	4.31210120e-03	2.48330000e+01
1615163810.7222219	1.29472700e-02	1.00000000e-04	4.31272873e-03	2.48330000e+01
1615163810.9436545	1.29478600e-02	1.00000000e-04	4.31266089e-03	2.48340000e+01
1615163811.164041	1.29482800e-02	1.00000000e-04	4.31272873e-03	2.48340000e+01
1615163811.3844788	1.29484500e-02	1.00000000e-04	4.31127579e-03	2.48330000e+01
1615163811.6078815	1.29491200e-02	1.00000000e-04	4.31268351e-03	2.48330000e+01
1615163811.8302882	1.29471000e-02	1.00000000e-04	4.31091350e-03	2.48340000e+01
1615163812.052664	1.29465000e-02	1.00000000e-04	4.31162583e-03	2.48340000e+01
1615163812.2601094	1.29491200e-02	1.00000000e-04	4.31067605e-03	2.48330000e+01
1615163812.4655597	1.29468500e-02	1.00000000e-04	4.31208942e-03	2.48330000e+01
1615163812.6869957	1.29480300e-02	1.00000000e-04	4.31196504e-03	2.48340000e+01
1615163812.8934157	1.29470100e-02	1.00000000e-04	4.31219683e-03	2.48330000e+01
1615163813.1148229	1.29478400e-02	1.00000000e-04	4.31108310e-03	2.48340000e+01
1615163813.3183117	1.29488800e-02	1.00000000e-04	4.31211203e-03	2.48340000e+01
1615163813.523758	1.29468500e-02	1.00000000e-04	4.31242297e-03	2.48340000e+01
1615163813.730201	1.29466000e-02	1.00000000e-04	4.31231555e-03	2.48340000e+01
1615163813.9356287	1.29470200e-02	1.00000000e-04	4.31089088e-03	2.48340000e+01
1615163814.141079	1.29472700e-02	1.00000000e-04	4.31256431e-03	2.48330000e+01
1615163814.3485243	1.29469400e-02	1.00000000e-04	4.31135422e-03	2.48330000e+01
1615163814.5679379	1.29478600e-02	1.00000000e-04	4.31248491e-03	2.48330000e+01
1615163814.790372	1.29462400e-02	1.00000000e-04	4.31192522e-03	2.48330000e+01
1615163814.996791	1.29463400e-02	1.00000000e-04	4.31192522e-03	2.48340000e+01
1615163815.2201936	1.29471000e-02	1.00000000e-04	4.31217397e-03	2.48340000e+01
1615163815.4266465	1.29474400e-02	1.00000000e-04	4.31090760e-03	2.48340000e+01
1615163815.6311226	1.29472700e-02	1.00000000e-04	4.31122419e-03	2.48350000e+01
1615163815.8355753	1.29471900e-02	1.00000000e-04	4.31138249e-03	2.48340000e+01
1615163816.0579534	1.29467600e-02	1.00000000e-04	4.31112243e-03	2.48340000e+01
1615163816.263404	1.29484600e-02	1.00000000e-04	4.31155209e-03	2.48340000e+01
1615163816.4688542	1.29480300e-02	1.00000000e-04	4.31150121e-03	2.48340000e+01
1615163816.6762996	1.29485300e-02	1.00000000e-04	4.31145386e-03	2.48340000e+01
1615163816.8977075	1.29466800e-02	1.00000000e-04	4.31083763e-03	2.48340000e+01
1615163817.120113	1.29466800e-02	1.00000000e-04	4.31197963e-03	2.48340000e+01
