1615164242.6162877	1.29502100e-02	1.00000000e-04	4.31270536e-03	2.48200000e+01
1615164242.8396616	1.29474300e-02	1.00000000e-04	4.31360426e-03	2.48200000e+01
1615164243.0451133	1.29498000e-02	1.00000000e-04	4.31308414e-03	2.48200000e+01
1615164243.2495956	1.29502200e-02	1.00000000e-04	4.31355338e-03	2.48210000e+01
1615164243.4550173	1.29472800e-02	1.00000000e-04	4.31238311e-03	2.48200000e+01
1615164243.6604667	1.29475200e-02	1.00000000e-04	4.31245661e-03	2.48200000e+01
1615164243.8659189	1.29487100e-02	1.00000000e-04	4.31106020e-03	2.48200000e+01
1615164244.071369	1.29499700e-02	1.00000000e-04	4.31267144e-03	2.48190000e+01
1615164244.275821	1.29480300e-02	1.00000000e-04	4.31326505e-03	2.48190000e+01
1615164244.497229	1.29532400e-02	1.00000000e-04	4.31578649e-03	2.48190000e+01
1615164244.7176707	1.29518200e-02	1.00000000e-04	4.31491586e-03	2.48190000e+01
1615164244.9241223	1.29512300e-02	1.00000000e-04	4.31446358e-03	2.48200000e+01
1615164245.1465213	1.29509000e-02	1.00000000e-04	4.31502868e-03	2.48200000e+01
1615164245.3539665	1.29509000e-02	1.00000000e-04	4.31414109e-03	2.48210000e+01
1615164245.5603871	1.29512300e-02	1.00000000e-04	4.31477428e-03	2.48210000e+01
1615164245.7678602	1.29513300e-02	1.00000000e-04	4.31422589e-03	2.48200000e+01
1615164245.975306	1.29499000e-02	1.00000000e-04	4.31490996e-03	2.48210000e+01
1615164246.181755	1.29502100e-02	1.00000000e-04	4.31471774e-03	2.48200000e+01
1615164246.3891697	1.29510600e-02	1.00000000e-04	4.31450291e-03	2.48200000e+01
1615164246.5966148	1.29495400e-02	1.00000000e-04	4.31423720e-03	2.48210000e+01
1615164246.8040845	1.29494800e-02	1.00000000e-04	4.31388103e-03	2.48200000e+01
1615164247.0115345	1.29503800e-02	1.00000000e-04	4.31403933e-03	2.48200000e+01
1615164247.2169836	1.29513900e-02	1.00000000e-04	4.31375666e-03	2.48200000e+01
1615164247.4244304	1.29497100e-02	1.00000000e-04	4.31440680e-03	2.48200000e+01
1615164247.6308503	1.29499700e-02	1.00000000e-04	4.31327959e-03	2.48190000e+01
1615164247.837321	1.29506300e-02	1.00000000e-04	4.31450639e-03	2.48200000e+01
1615164248.0567403	1.29503100e-02	1.00000000e-04	4.31369795e-03	2.48200000e+01
1615164248.2791166	1.29492000e-02	1.00000000e-04	4.31373187e-03	2.48190000e+01
1615164248.4855633	1.29503800e-02	1.00000000e-04	4.31266902e-03	2.48200000e+01
1615164248.6930099	1.29498800e-02	1.00000000e-04	4.31225632e-03	2.48190000e+01
1615164248.8994577	1.29512300e-02	1.00000000e-04	4.31340962e-03	2.48190000e+01
1615164249.1049087	1.29506400e-02	1.00000000e-04	4.31279340e-03	2.48200000e+01
1615164249.3243215	1.29508100e-02	1.00000000e-04	4.31420110e-03	2.48200000e+01
1615164249.5297825	1.29482600e-02	1.00000000e-04	4.31373187e-03	2.48200000e+01
1615164249.7521775	1.29499800e-02	1.00000000e-04	4.31236939e-03	2.48200000e+01
1615164249.9576268	1.29504800e-02	1.00000000e-04	4.31310434e-03	2.48200000e+01
1615164250.1641068	1.29506300e-02	1.00000000e-04	4.31300293e-03	2.48210000e+01
1615164250.3685567	1.29499600e-02	1.00000000e-04	4.31371526e-03	2.48210000e+01
1615164250.574976	1.29511500e-02	1.00000000e-04	4.31359088e-03	2.48210000e+01
1615164250.7964077	1.29505600e-02	1.00000000e-04	4.31217187e-03	2.48210000e+01
1615164251.017793	1.29498100e-02	1.00000000e-04	4.31305381e-03	2.48200000e+01
1615164251.239226	1.29485200e-02	1.00000000e-04	4.31289551e-03	2.48200000e+01
1615164251.4606397	1.29496300e-02	1.00000000e-04	4.31248281e-03	2.48210000e+01
1615164251.6820154	1.29502300e-02	1.00000000e-04	4.31257892e-03	2.48210000e+01
1615164251.9034235	1.29484500e-02	1.00000000e-04	4.31394140e-03	2.48210000e+01
1615164252.1258593	1.29493800e-02	1.00000000e-04	4.31283898e-03	2.48210000e+01
1615164252.3462393	1.29486200e-02	1.00000000e-04	4.31359088e-03	2.48200000e+01
1615164252.552688	1.29497900e-02	1.00000000e-04	4.31275249e-03	2.48200000e+01
1615164252.772101	1.29479400e-02	1.00000000e-04	4.31279772e-03	2.48210000e+01
1615164252.9955041	1.29485400e-02	1.00000000e-04	4.31321042e-03	2.48210000e+01
1615164253.2009802	1.29506400e-02	1.00000000e-04	4.31349309e-03	2.48220000e+01
1615164253.406404	1.29482000e-02	1.00000000e-04	4.31264507e-03	2.48210000e+01
1615164253.6108575	1.29488800e-02	1.00000000e-04	4.31280902e-03	2.48210000e+01
1615164253.816337	1.29474300e-02	1.00000000e-04	4.31352136e-03	2.48210000e+01
1615164254.0237546	1.29494700e-02	1.00000000e-04	4.31245851e-03	2.48210000e+01
1615164254.2461586	1.29496400e-02	1.00000000e-04	4.31188751e-03	2.48210000e+01
1615164254.4536343	1.29552600e-02	1.00000000e-04	4.31631981e-03	2.48210000e+01
1615164254.6600804	1.29529100e-02	1.00000000e-04	4.31524001e-03	2.48210000e+01
1615164254.8655343	1.29514700e-02	1.00000000e-04	4.31471989e-03	2.48200000e+01
1615164255.0719707	1.29513800e-02	1.00000000e-04	4.31609814e-03	2.48210000e+01
1615164255.2774246	1.29515700e-02	1.00000000e-04	4.31446429e-03	2.48200000e+01
1615164255.48385	1.29515600e-02	1.00000000e-04	4.31478088e-03	2.48190000e+01
1615164255.7052808	1.29513900e-02	1.00000000e-04	4.31426076e-03	2.48200000e+01
1615164255.9117436	1.29511400e-02	1.00000000e-04	4.31491091e-03	2.48200000e+01
1615164256.1161866	1.29508900e-02	1.00000000e-04	4.31519924e-03	2.48200000e+01
1615164256.320611	1.29494500e-02	1.00000000e-04	4.31384241e-03	2.48210000e+01
1615164256.5250657	1.29508800e-02	1.00000000e-04	4.31449821e-03	2.48210000e+01
1615164256.7474973	1.29509700e-02	1.00000000e-04	4.31430599e-03	2.48210000e+01
1615164256.9689062	1.29512300e-02	1.00000000e-04	4.31373499e-03	2.48200000e+01
1615164257.1913128	1.29514800e-02	1.00000000e-04	4.31320922e-03	2.48210000e+01
1615164257.4127233	1.29507200e-02	1.00000000e-04	4.31423815e-03	2.48210000e+01
1615164257.620137	1.29507900e-02	1.00000000e-04	4.31394721e-03	2.48210000e+01
1615164257.8435388	1.29514800e-02	1.00000000e-04	4.31415639e-03	2.48200000e+01
1615164258.050019	1.29514000e-02	1.00000000e-04	4.31457474e-03	2.48200000e+01
1615164258.2723918	1.29486900e-02	1.00000000e-04	4.31455213e-03	2.48200000e+01
1615164258.4938006	1.29491100e-02	1.00000000e-04	4.31297481e-03	2.48200000e+01
1615164258.7152076	1.29500500e-02	1.00000000e-04	4.31317268e-03	2.48200000e+01
1615164258.9376395	1.29493700e-02	1.00000000e-04	4.31318399e-03	2.48200000e+01
1615164259.144062	1.29508000e-02	1.00000000e-04	4.31241512e-03	2.48210000e+01
1615164259.3635101	1.29515600e-02	1.00000000e-04	4.31280521e-03	2.48210000e+01
1615164259.5859125	1.29493800e-02	1.00000000e-04	4.31316703e-03	2.48210000e+01
1615164259.8083143	1.29490300e-02	1.00000000e-04	4.31286174e-03	2.48210000e+01
1615164260.0157607	1.29501300e-02	1.00000000e-04	4.31339603e-03	2.48210000e+01
1615164260.220213	1.29497100e-02	1.00000000e-04	4.31283634e-03	2.48210000e+01
1615164260.440594	1.29487900e-02	1.00000000e-04	4.31333384e-03	2.48210000e+01
1615164260.648039	1.29488700e-02	1.00000000e-04	4.31323208e-03	2.48210000e+01
1615164260.8674521	1.29502100e-02	1.00000000e-04	4.31225969e-03	2.48210000e+01
1615164261.0739002	1.29498700e-02	1.00000000e-04	4.31326600e-03	2.48210000e+01
1615164261.2803493	1.29495500e-02	1.00000000e-04	4.31358259e-03	2.48200000e+01
1615164261.4857998	1.29503900e-02	1.00000000e-04	4.31363348e-03	2.48200000e+01
1615164261.7092352	1.29477600e-02	1.00000000e-04	4.31257628e-03	2.48200000e+01
1615164261.9306376	1.29483600e-02	1.00000000e-04	4.31342430e-03	2.48200000e+01
1615164262.1530166	1.29505600e-02	1.00000000e-04	4.31218619e-03	2.48200000e+01
1615164262.3585	1.29501400e-02	1.00000000e-04	4.31309640e-03	2.48200000e+01
1615164262.5798738	1.29481100e-02	1.00000000e-04	4.31332239e-03	2.48210000e+01
1615164262.7863448	1.29502200e-02	1.00000000e-04	4.31356549e-03	2.48210000e+01
1615164263.006755	1.29502100e-02	1.00000000e-04	4.31263832e-03	2.48210000e+01
1615164263.213209	1.29504700e-02	1.00000000e-04	4.31333369e-03	2.48200000e+01
1615164263.419656	1.29490400e-02	1.00000000e-04	4.31346372e-03	2.48210000e+01
1615164263.6260767	1.29509700e-02	1.00000000e-04	4.31248568e-03	2.48210000e+01
1615164263.8465142	1.29491200e-02	1.00000000e-04	4.31276835e-03	2.48220000e+01
1615164264.0698884	1.29508100e-02	1.00000000e-04	4.31287576e-03	2.48220000e+01
1615164264.2922945	1.29501400e-02	1.00000000e-04	4.33344303e-03	2.48220000e+01
1615164264.4977741	1.29557600e-02	1.00000000e-04	4.31805998e-03	2.48210000e+01
1615164264.7021973	1.29553500e-02	1.00000000e-04	4.31690668e-03	2.48210000e+01
1615164264.9206405	1.29523000e-02	1.00000000e-04	4.31734248e-03	2.48210000e+01
1615164265.1270626	1.29533200e-02	1.00000000e-04	4.31685628e-03	2.48210000e+01
1615164265.3335106	1.29524700e-02	1.00000000e-04	4.31563514e-03	2.48210000e+01
1615164265.5409553	1.29520600e-02	1.00000000e-04	4.31585562e-03	2.48210000e+01
1615164265.7474036	1.29515500e-02	1.00000000e-04	4.31545988e-03	2.48200000e+01
1615164265.9538815	1.29537600e-02	1.00000000e-04	4.31516590e-03	2.48210000e+01
1615164266.174293	1.29516400e-02	1.00000000e-04	4.31495672e-03	2.48210000e+01
1615164266.3797405	1.29522400e-02	1.00000000e-04	4.31555034e-03	2.48210000e+01
1615164266.5991597	1.29525700e-02	1.00000000e-04	4.31543727e-03	2.48210000e+01
1615164266.8055725	1.29524800e-02	1.00000000e-04	4.31551642e-03	2.48210000e+01
1615164267.0250177	1.29506300e-02	1.00000000e-04	4.31538073e-03	2.48210000e+01
1615164267.2484221	1.29517300e-02	1.00000000e-04	4.31547684e-03	2.48210000e+01
1615164267.4538398	1.29513000e-02	1.00000000e-04	4.31452695e-03	2.48210000e+01
1615164267.674276	1.29509700e-02	1.00000000e-04	4.31567461e-03	2.48210000e+01
1615164267.8807268	1.29518100e-02	1.00000000e-04	4.31532974e-03	2.48220000e+01
1615164268.0871465	1.29519800e-02	1.00000000e-04	4.31483789e-03	2.48220000e+01
1615164268.2946208	1.29508800e-02	1.00000000e-04	4.31514318e-03	2.48210000e+01
1615164268.502037	1.29491200e-02	1.00000000e-04	4.31507534e-03	2.48210000e+01
1615164268.724441	1.29508900e-02	1.00000000e-04	4.31468525e-03	2.48210000e+01
1615164268.9458492	1.29491900e-02	1.00000000e-04	4.31488878e-03	2.48200000e+01
1615164269.1522982	1.29515600e-02	1.00000000e-04	4.31408033e-03	2.48210000e+01
1615164269.359743	1.29505500e-02	1.00000000e-04	4.31356587e-03	2.48200000e+01
1615164269.5811832	1.29519800e-02	1.00000000e-04	4.31358848e-03	2.48200000e+01
1615164269.8035922	1.29508900e-02	1.00000000e-04	4.31333973e-03	2.48200000e+01
1615164270.0249643	1.29504700e-02	1.00000000e-04	4.31423286e-03	2.48200000e+01
1615164270.2463713	1.29489400e-02	1.00000000e-04	4.31334526e-03	2.48200000e+01
1615164270.4528203	1.29513100e-02	1.00000000e-04	4.31463990e-03	2.48210000e+01
1615164270.6752253	1.29518100e-02	1.00000000e-04	4.31429504e-03	2.48210000e+01
1615164270.8816962	1.29497100e-02	1.00000000e-04	4.31361098e-03	2.48210000e+01
1615164271.0861266	1.29506400e-02	1.00000000e-04	4.31370143e-03	2.48210000e+01
1615164271.306566	1.29505500e-02	1.00000000e-04	4.31305128e-03	2.48210000e+01
1615164271.5130148	1.29497900e-02	1.00000000e-04	4.31391061e-03	2.48200000e+01
1615164271.7184644	1.29514000e-02	1.00000000e-04	4.31360532e-03	2.48200000e+01
1615164271.9259036	1.29495400e-02	1.00000000e-04	4.31283080e-03	2.48200000e+01
1615164272.131363	1.29493700e-02	1.00000000e-04	4.31354879e-03	2.48200000e+01
1615164272.3387759	1.29499600e-02	1.00000000e-04	4.31302867e-03	2.48190000e+01
1615164272.5592113	1.29499500e-02	1.00000000e-04	4.31421250e-03	2.48190000e+01
1615164272.764638	1.29488700e-02	1.00000000e-04	4.31324576e-03	2.48190000e+01
1615164272.9870434	1.29490400e-02	1.00000000e-04	4.31413901e-03	2.48200000e+01
1615164273.208451	1.29499700e-02	1.00000000e-04	4.31351148e-03	2.48200000e+01
1615164273.4158967	1.29489600e-02	1.00000000e-04	4.31358497e-03	2.48200000e+01
1615164273.6233418	1.29501400e-02	1.00000000e-04	4.31304789e-03	2.48190000e+01
1615164273.827795	1.29487000e-02	1.00000000e-04	4.31400898e-03	2.48200000e+01
1615164274.0312808	1.29493000e-02	1.00000000e-04	4.31325707e-03	2.48200000e+01
1615164274.2526577	1.29501300e-02	1.00000000e-04	4.31389026e-03	2.48200000e+01
1615164274.47409	1.29509000e-02	1.00000000e-04	4.31419554e-03	2.48210000e+01
1615164274.6805427	1.29498800e-02	1.00000000e-04	4.31334187e-03	2.48210000e+01
1615164274.886996	1.29490600e-02	1.00000000e-04	4.31322350e-03	2.48210000e+01
1615164275.092413	1.29487900e-02	1.00000000e-04	4.31309912e-03	2.48210000e+01
1615164275.3128471	1.29502200e-02	1.00000000e-04	4.31372666e-03	2.48200000e+01
1615164275.5362263	1.29494500e-02	1.00000000e-04	4.31201931e-03	2.48200000e+01
1615164275.759652	1.29499800e-02	1.00000000e-04	4.31326873e-03	2.48200000e+01
1615164275.982062	1.29501400e-02	1.00000000e-04	4.31369839e-03	2.48200000e+01
1615164276.1894784	1.29497900e-02	1.00000000e-04	4.31278253e-03	2.48200000e+01
1615164276.3959262	1.29487000e-02	1.00000000e-04	4.31294648e-03	2.48200000e+01
1615164276.6173353	1.29492900e-02	1.00000000e-04	4.31287299e-03	2.48200000e+01
1615164276.8237822	1.29492900e-02	1.00000000e-04	4.31331396e-03	2.48200000e+01
1615164277.029233	1.29506400e-02	1.00000000e-04	4.31328004e-03	2.48200000e+01
1615164277.2357106	1.29508900e-02	1.00000000e-04	4.31298040e-03	2.48200000e+01
1615164277.4431565	1.29497200e-02	1.00000000e-04	4.31308514e-03	2.48210000e+01
1615164277.649575	1.29505600e-02	1.00000000e-04	4.31303426e-03	2.48210000e+01
1615164277.8689878	1.29490400e-02	1.00000000e-04	4.31277420e-03	2.48210000e+01
1615164278.0893986	1.29511400e-02	1.00000000e-04	4.31324344e-03	2.48220000e+01
1615164278.2958703	1.29475900e-02	1.00000000e-04	4.31272332e-03	2.48220000e+01
1615164278.5013278	1.29478600e-02	1.00000000e-04	4.31244065e-03	2.48210000e+01
1615164278.7087703	1.29492900e-02	1.00000000e-04	4.31273463e-03	2.48210000e+01
1615164278.9132237	1.29496300e-02	1.00000000e-04	4.31255372e-03	2.48210000e+01
1615164279.1186738	1.29491300e-02	1.00000000e-04	4.31290989e-03	2.48210000e+01
1615164279.339085	1.29481800e-02	1.00000000e-04	4.31274028e-03	2.48220000e+01
1615164279.5594676	1.29481200e-02	1.00000000e-04	4.31332824e-03	2.48210000e+01
1615164279.7659154	1.29476100e-02	1.00000000e-04	4.31306818e-03	2.48210000e+01
1615164279.971365	1.29488800e-02	1.00000000e-04	4.31228199e-03	2.48210000e+01
1615164280.175818	1.29506400e-02	1.00000000e-04	4.31209543e-03	2.48200000e+01
1615164280.3812692	1.29475200e-02	1.00000000e-04	4.31354836e-03	2.48200000e+01
1615164280.585722	1.29490500e-02	1.00000000e-04	4.31227068e-03	2.48190000e+01
1615164280.793191	1.29480400e-02	1.00000000e-04	4.31268904e-03	2.48200000e+01
1615164281.0125813	1.29487100e-02	1.00000000e-04	4.31199366e-03	2.48190000e+01
1615164281.2170343	1.29483700e-02	1.00000000e-04	4.31151312e-03	2.48190000e+01
1615164281.4394696	1.29469300e-02	1.00000000e-04	4.31322046e-03	2.48190000e+01
1615164281.6618748	1.29493000e-02	1.00000000e-04	4.31299998e-03	2.48190000e+01
1615164281.8692908	1.29487000e-02	1.00000000e-04	4.31181275e-03	2.48190000e+01
1615164282.0887027	1.29486200e-02	1.00000000e-04	4.31178449e-03	2.48190000e+01
1615164282.2961783	1.29478600e-02	1.00000000e-04	4.31257597e-03	2.48200000e+01
1615164282.5155916	1.29498800e-02	1.00000000e-04	4.31244386e-03	2.48200000e+01
1615164282.7340062	1.29500500e-02	1.00000000e-04	4.31246082e-03	2.48200000e+01
1615164282.9404497	1.29481100e-02	1.00000000e-04	4.31201985e-03	2.48190000e+01
1615164283.1459112	1.29497200e-02	1.00000000e-04	4.31263043e-03	2.48190000e+01
1615164283.3513272	1.29482800e-02	1.00000000e-04	4.31264173e-03	2.48190000e+01
1615164283.557775	1.29498900e-02	1.00000000e-04	4.31215554e-03	2.48200000e+01
1615164283.7642229	1.29484600e-02	1.00000000e-04	4.31178806e-03	2.48200000e+01
1615164283.9676793	1.29488800e-02	1.00000000e-04	4.31294702e-03	2.48200000e+01
1615164284.1731524	1.29478600e-02	1.00000000e-04	4.31283960e-03	2.48200000e+01
1615164284.3925707	1.29480100e-02	1.00000000e-04	4.31283960e-03	2.48200000e+01
1615164284.6139798	1.29491300e-02	1.00000000e-04	4.31277176e-03	2.48200000e+01
1615164284.821395	1.29482900e-02	1.00000000e-04	4.31282264e-03	2.48200000e+01
1615164285.0278428	1.29478700e-02	1.00000000e-04	4.31241004e-03	2.48200000e+01
1615164285.2502718	1.29465900e-02	1.00000000e-04	4.31215563e-03	2.48210000e+01
1615164285.47069	1.29480400e-02	1.00000000e-04	4.31122281e-03	2.48210000e+01
