1615164664.0492718	1.29456000e-02	1.00000000e-04	4.31153307e-03	2.48110000e+01
1615164664.25572	1.29468500e-02	1.00000000e-04	4.31334218e-03	2.48110000e+01
1615164664.460174	1.29461000e-02	1.00000000e-04	4.31147088e-03	2.48110000e+01
1615164664.6636577	1.29445800e-02	1.00000000e-04	4.31263549e-03	2.48110000e+01
1615164664.8701081	1.29471000e-02	1.00000000e-04	4.31158395e-03	2.48100000e+01
1615164665.0934794	1.29460200e-02	1.00000000e-04	4.31246024e-03	2.48100000e+01
1615164665.313914	1.29460100e-02	1.00000000e-04	4.31220018e-03	2.48100000e+01
1615164665.5193646	1.29467800e-02	1.00000000e-04	4.31273726e-03	2.48100000e+01
1615164665.726787	1.29475200e-02	1.00000000e-04	4.32688220e-03	2.48100000e+01
1615164665.9322717	1.29502900e-02	1.00000000e-04	4.31567705e-03	2.48100000e+01
1615164666.1396832	1.29499600e-02	1.00000000e-04	4.31475529e-03	2.48100000e+01
1615164666.3451324	1.29493700e-02	1.00000000e-04	4.31549024e-03	2.48100000e+01
1615164666.5516117	1.29506400e-02	1.00000000e-04	4.31394685e-03	2.48110000e+01
1615164666.7580595	1.29499600e-02	1.00000000e-04	4.31421822e-03	2.48110000e+01
1615164666.9635115	1.29503900e-02	1.00000000e-04	4.31558070e-03	2.48110000e+01
1615164667.1699505	1.29487100e-02	1.00000000e-04	4.31424648e-03	2.48120000e+01
1615164667.376376	1.29497200e-02	1.00000000e-04	4.31435390e-03	2.48120000e+01
1615164667.5977826	1.29498100e-02	1.00000000e-04	4.31418430e-03	2.48120000e+01
1615164667.8202193	1.29490300e-02	1.00000000e-04	4.31444435e-03	2.48120000e+01
1615164668.0276642	1.29488800e-02	1.00000000e-04	4.31414472e-03	2.48100000e+01
1615164668.2351096	1.29485400e-02	1.00000000e-04	4.31329105e-03	2.48110000e+01
1615164668.4385633	1.29488700e-02	1.00000000e-04	4.31423518e-03	2.48110000e+01
1615164668.6449833	1.29487000e-02	1.00000000e-04	4.31409688e-03	2.48110000e+01
1615164668.8524284	1.29482900e-02	1.00000000e-04	4.31492228e-03	2.48110000e+01
1615164669.0568807	1.29493700e-02	1.00000000e-04	4.31355980e-03	2.48110000e+01
1615164669.264353	1.29489600e-02	1.00000000e-04	4.31370679e-03	2.48120000e+01
1615164669.4847364	1.29489600e-02	1.00000000e-04	4.31392162e-03	2.48110000e+01
1615164669.6911855	1.29486100e-02	1.00000000e-04	4.31315841e-03	2.48110000e+01
1615164669.8976333	1.29484500e-02	1.00000000e-04	4.31388205e-03	2.48100000e+01
1615164670.1051073	1.29479600e-02	1.00000000e-04	4.31315275e-03	2.48100000e+01
1615164670.3125231	1.29485300e-02	1.00000000e-04	4.31370679e-03	2.48090000e+01
1615164670.518971	1.29477700e-02	1.00000000e-04	4.31401208e-03	2.48100000e+01
1615164670.739414	1.29501400e-02	1.00000000e-04	4.31327148e-03	2.48090000e+01
1615164670.9458597	1.29475200e-02	1.00000000e-04	4.31370679e-03	2.48090000e+01
1615164671.1532745	1.29482800e-02	1.00000000e-04	4.31334006e-03	2.48090000e+01
1615164671.359751	1.29496300e-02	1.00000000e-04	4.31248639e-03	2.48100000e+01
1615164671.5811315	1.29481100e-02	1.00000000e-04	4.31322699e-03	2.48100000e+01
1615164671.7885768	1.29459200e-02	1.00000000e-04	4.31365666e-03	2.48100000e+01
1615164671.9940565	1.29456700e-02	1.00000000e-04	4.31427288e-03	2.48100000e+01
1615164672.1975136	1.29479500e-02	1.00000000e-04	4.31245812e-03	2.48100000e+01
1615164672.4039602	1.29503000e-02	1.00000000e-04	4.31307435e-03	2.48100000e+01
1615164672.6104019	1.29481100e-02	1.00000000e-04	4.31392237e-03	2.48100000e+01
1615164672.8298297	1.29476800e-02	1.00000000e-04	4.31291605e-03	2.48100000e+01
1615164673.0372667	1.29467700e-02	1.00000000e-04	4.31296693e-03	2.48110000e+01
1615164673.259642	1.29474400e-02	1.00000000e-04	4.31236767e-03	2.48100000e+01
1615164673.481051	1.29470300e-02	1.00000000e-04	4.31330049e-03	2.48110000e+01
1615164673.6865244	1.29478700e-02	1.00000000e-04	4.31293563e-03	2.48110000e+01
1615164673.8929482	1.29482900e-02	1.00000000e-04	4.31306000e-03	2.48100000e+01
1615164674.1004221	1.29496300e-02	1.00000000e-04	4.31240420e-03	2.48100000e+01
1615164674.3068414	1.29481200e-02	1.00000000e-04	4.31265861e-03	2.48090000e+01
1615164674.5142865	1.29466900e-02	1.00000000e-04	4.31253988e-03	2.48100000e+01
1615164674.7327037	1.29479500e-02	1.00000000e-04	4.31233071e-03	2.48100000e+01
1615164674.9561062	1.29452500e-02	1.00000000e-04	4.31255119e-03	2.48100000e+01
1615164675.1615567	1.29474400e-02	1.00000000e-04	4.31269253e-03	2.48100000e+01
1615164675.3690019	1.29473600e-02	1.00000000e-04	4.31333137e-03	2.48100000e+01
1615164675.574452	1.29470900e-02	1.00000000e-04	4.31291301e-03	2.48110000e+01
1615164675.7799022	1.29677800e-02	1.00000000e-04	4.32596119e-03	2.48110000e+01
1615164675.9873755	1.29530700e-02	1.00000000e-04	4.31727183e-03	2.48100000e+01
1615164676.1938255	1.29504600e-02	1.00000000e-04	4.31753061e-03	2.48100000e+01
1615164676.4002433	1.29516500e-02	1.00000000e-04	4.31616248e-03	2.48100000e+01
1615164676.607689	1.29508000e-02	1.00000000e-04	4.31674478e-03	2.48100000e+01
1615164676.8131392	1.29506400e-02	1.00000000e-04	4.31594765e-03	2.48090000e+01
1615164677.0335505	1.29516500e-02	1.00000000e-04	4.31563105e-03	2.48090000e+01
1615164677.2409961	1.29507200e-02	1.00000000e-04	4.31675609e-03	2.48100000e+01
1615164677.447444	1.29493700e-02	1.00000000e-04	4.31563671e-03	2.48090000e+01
1615164677.651896	1.29510600e-02	1.00000000e-04	4.31589111e-03	2.48090000e+01
1615164677.859371	1.29505600e-02	1.00000000e-04	4.31524096e-03	2.48090000e+01
1615164678.0648296	1.29498800e-02	1.00000000e-04	4.31541057e-03	2.48090000e+01
1615164678.271241	1.29495500e-02	1.00000000e-04	4.31524662e-03	2.48100000e+01
1615164678.4776883	1.29487000e-02	1.00000000e-04	4.31582327e-03	2.48090000e+01
1615164678.6990957	1.29499600e-02	1.00000000e-04	4.31501238e-03	2.48090000e+01
1615164678.9045756	1.29508900e-02	1.00000000e-04	4.31517068e-03	2.48090000e+01
1615164679.1109958	1.29486100e-02	1.00000000e-04	4.31498412e-03	2.48090000e+01
1615164679.317442	1.29488600e-02	1.00000000e-04	4.31443573e-03	2.48090000e+01
1615164679.5238912	1.29493800e-02	1.00000000e-04	4.31444139e-03	2.48090000e+01
1615164679.7443244	1.29483700e-02	1.00000000e-04	4.31418698e-03	2.48090000e+01
1615164679.9497797	1.29505600e-02	1.00000000e-04	4.31466187e-03	2.48090000e+01
1615164680.1711605	1.29500500e-02	1.00000000e-04	4.31488801e-03	2.48100000e+01
1615164680.3776069	1.29499600e-02	1.00000000e-04	4.31458838e-03	2.48090000e+01
1615164680.5980175	1.29487000e-02	1.00000000e-04	4.31374036e-03	2.48100000e+01
1615164680.8054943	1.29493000e-02	1.00000000e-04	4.31380255e-03	2.48100000e+01
1615164681.0248773	1.29497100e-02	1.00000000e-04	4.31409702e-03	2.48100000e+01
1615164681.231348	1.29493800e-02	1.00000000e-04	4.31499027e-03	2.48110000e+01
1615164681.4507382	1.29497900e-02	1.00000000e-04	4.31475848e-03	2.48110000e+01
1615164681.6571853	1.29487000e-02	1.00000000e-04	4.31425532e-03	2.48100000e+01
1615164681.8796144	1.29495500e-02	1.00000000e-04	4.31362213e-03	2.48100000e+01
1615164682.1020272	1.29493800e-02	1.00000000e-04	4.31417052e-03	2.48100000e+01
1615164682.3074462	1.29487900e-02	1.00000000e-04	4.31380870e-03	2.48100000e+01
1615164682.527858	1.29482800e-02	1.00000000e-04	4.31368998e-03	2.48100000e+01
1615164682.7323105	1.29485300e-02	1.00000000e-04	4.31330554e-03	2.48100000e+01
1615164682.953718	1.29476000e-02	1.00000000e-04	4.31313028e-03	2.48090000e+01
1615164683.1751268	1.29490500e-02	1.00000000e-04	4.31359387e-03	2.48090000e+01
1615164683.3805778	1.29487000e-02	1.00000000e-04	4.31358821e-03	2.48100000e+01
1615164683.5870245	1.29476900e-02	1.00000000e-04	4.31355162e-03	2.48100000e+01
1615164683.793501	1.29478600e-02	1.00000000e-04	4.31395301e-03	2.48100000e+01
1615164683.999947	1.29487000e-02	1.00000000e-04	4.31436572e-03	2.48100000e+01
1615164684.2073655	1.29486100e-02	1.00000000e-04	4.31303716e-03	2.48100000e+01
1615164684.4277766	1.29488700e-02	1.00000000e-04	4.31395301e-03	2.48090000e+01
1615164684.6492128	1.29481100e-02	1.00000000e-04	4.31329156e-03	2.48090000e+01
1615164684.856658	1.29479500e-02	1.00000000e-04	4.31340463e-03	2.48090000e+01
1615164685.0630784	1.29492900e-02	1.00000000e-04	4.31391344e-03	2.48100000e+01
1615164685.2845101	1.29486200e-02	1.00000000e-04	4.31380037e-03	2.48110000e+01
1615164685.5059168	1.29488000e-02	1.00000000e-04	4.31445052e-03	2.48110000e+01
1615164685.712365	1.29471000e-02	1.00000000e-04	4.31331417e-03	2.48110000e+01
1615164685.9197862	1.29517300e-02	1.00000000e-04	4.31725463e-03	2.48110000e+01
1615164686.1242397	1.29509700e-02	1.00000000e-04	4.31630308e-03	2.48100000e+01
1615164686.3297234	1.29503000e-02	1.00000000e-04	4.31592995e-03	2.48100000e+01
1615164686.5371592	1.29502300e-02	1.00000000e-04	4.31478230e-03	2.48100000e+01
1615164686.7415886	1.29507200e-02	1.00000000e-04	4.31537026e-03	2.48090000e+01
1615164686.963995	1.29493000e-02	1.00000000e-04	4.31549463e-03	2.48090000e+01
1615164687.1714406	1.29500500e-02	1.00000000e-04	4.31576600e-03	2.48090000e+01
1615164687.3938746	1.29498700e-02	1.00000000e-04	4.31516673e-03	2.48100000e+01
1615164687.6002924	1.29499600e-02	1.00000000e-04	4.31561901e-03	2.48100000e+01
1615164687.804746	1.29509800e-02	1.00000000e-04	4.31397386e-03	2.48100000e+01
1615164688.0112174	1.29498000e-02	1.00000000e-04	4.31472576e-03	2.48100000e+01
1615164688.2156782	1.29508100e-02	1.00000000e-04	4.31518935e-03	2.48100000e+01
1615164688.42113	1.29504700e-02	1.00000000e-04	4.31496886e-03	2.48100000e+01
1615164688.6255517	1.29490400e-02	1.00000000e-04	4.31460036e-03	2.48100000e+01
1615164688.848953	1.29490400e-02	1.00000000e-04	4.31475300e-03	2.48090000e+01
1615164689.0554013	1.29485200e-02	1.00000000e-04	4.31382584e-03	2.48090000e+01
1615164689.2608528	1.29491200e-02	1.00000000e-04	4.31457775e-03	2.48090000e+01
1615164689.4832873	1.29486100e-02	1.00000000e-04	4.31512613e-03	2.48090000e+01
1615164689.6887076	1.29487800e-02	1.00000000e-04	4.31462863e-03	2.48090000e+01
1615164689.893162	1.29484500e-02	1.00000000e-04	4.31483781e-03	2.48090000e+01
1615164690.1006072	1.29487800e-02	1.00000000e-04	4.31489999e-03	2.48090000e+01
1615164690.306087	1.29492100e-02	1.00000000e-04	4.31401806e-03	2.48090000e+01
1615164690.5135322	1.29486200e-02	1.00000000e-04	4.31466255e-03	2.48090000e+01
1615164690.735907	1.29485300e-02	1.00000000e-04	4.31460036e-03	2.48090000e+01
1615164690.9593112	1.29494700e-02	1.00000000e-04	4.31420462e-03	2.48080000e+01
1615164691.179751	1.29499700e-02	1.00000000e-04	4.31279709e-03	2.48090000e+01
1615164691.4001322	1.29497900e-02	1.00000000e-04	4.31456097e-03	2.48080000e+01
1615164691.6055815	1.29489600e-02	1.00000000e-04	4.31409739e-03	2.48090000e+01
1615164691.8110623	1.29501400e-02	1.00000000e-04	4.31431787e-03	2.48090000e+01
1615164692.031444	1.29482700e-02	1.00000000e-04	4.31427264e-03	2.48080000e+01
1615164692.2538722	1.29489700e-02	1.00000000e-04	4.31379775e-03	2.48090000e+01
1615164692.46032	1.29483500e-02	1.00000000e-04	4.31356031e-03	2.48090000e+01
1615164692.6807063	1.29489600e-02	1.00000000e-04	4.31419350e-03	2.48090000e+01
1615164692.904109	1.29483600e-02	1.00000000e-04	4.31504717e-03	2.48090000e+01
1615164693.1255171	1.29482000e-02	1.00000000e-04	4.31465708e-03	2.48090000e+01
1615164693.3300018	1.29489500e-02	1.00000000e-04	4.31383733e-03	2.48090000e+01
1615164693.5354447	1.29485300e-02	1.00000000e-04	4.31340201e-03	2.48100000e+01
1615164693.7408714	1.29488700e-02	1.00000000e-04	4.31434049e-03	2.48090000e+01
1615164693.9602847	1.29486200e-02	1.00000000e-04	4.31394474e-03	2.48090000e+01
1615164694.180695	1.29498900e-02	1.00000000e-04	4.31384864e-03	2.48090000e+01
1615164694.387173	1.29492900e-02	1.00000000e-04	4.31466273e-03	2.48090000e+01
1615164694.5926218	1.29482800e-02	1.00000000e-04	4.31302888e-03	2.48100000e+01
1615164694.8130057	1.29483800e-02	1.00000000e-04	4.31365642e-03	2.48100000e+01
1615164695.0354095	1.29480300e-02	1.00000000e-04	4.31351508e-03	2.48100000e+01
1615164695.2548232	1.29490400e-02	1.00000000e-04	4.31324372e-03	2.48110000e+01
1615164695.4602976	1.29483700e-02	1.00000000e-04	4.31399563e-03	2.48100000e+01
1615164695.6677186	1.29481200e-02	1.00000000e-04	4.31305715e-03	2.48100000e+01
1615164695.8861666	1.29495500e-02	1.00000000e-04	4.31251442e-03	2.48100000e+01
1615164696.0925825	1.29477100e-02	1.00000000e-04	4.31271794e-03	2.48100000e+01
1615164696.2980642	1.29487800e-02	1.00000000e-04	4.31323241e-03	2.48100000e+01
1615164696.503509	1.29475200e-02	1.00000000e-04	4.31218652e-03	2.48100000e+01
1615164696.7248926	1.29479400e-02	1.00000000e-04	4.31372991e-03	2.48100000e+01
1615164696.932366	1.29489600e-02	1.00000000e-04	4.31259922e-03	2.48100000e+01
1615164697.1517522	1.29492900e-02	1.00000000e-04	4.31249181e-03	2.48090000e+01
1615164697.374187	1.29476000e-02	1.00000000e-04	4.31238439e-03	2.48090000e+01
1615164697.5816307	1.29471000e-02	1.00000000e-04	4.31232220e-03	2.48090000e+01
1615164697.787051	1.29482800e-02	1.00000000e-04	4.31430657e-03	2.48090000e+01
1615164697.9925017	1.29475300e-02	1.00000000e-04	4.31406912e-03	2.48100000e+01
1615164698.2139342	1.29481100e-02	1.00000000e-04	4.31326633e-03	2.48100000e+01
1615164698.4213874	1.29466900e-02	1.00000000e-04	4.31435745e-03	2.48090000e+01
1615164698.6288013	1.29470100e-02	1.00000000e-04	4.31321368e-03	2.48090000e+01
1615164698.836278	1.29486200e-02	1.00000000e-04	4.31304973e-03	2.48090000e+01
1615164699.0556872	1.29472000e-02	1.00000000e-04	4.31324760e-03	2.48090000e+01
1615164699.2601354	1.29480400e-02	1.00000000e-04	4.31324760e-03	2.48100000e+01
1615164699.4655957	1.29462600e-02	1.00000000e-04	4.31272748e-03	2.48090000e+01
1615164699.6690183	1.29482800e-02	1.00000000e-04	4.31305538e-03	2.48100000e+01
1615164699.8734715	1.29489600e-02	1.00000000e-04	4.31293666e-03	2.48110000e+01
1615164700.0769274	1.29472800e-02	1.00000000e-04	4.31333805e-03	2.48110000e+01
1615164700.297362	1.29474400e-02	1.00000000e-04	4.31368857e-03	2.48110000e+01
1615164700.5037873	1.29487000e-02	1.00000000e-04	4.31356419e-03	2.48110000e+01
1615164700.707243	1.29487000e-02	1.00000000e-04	4.31298754e-03	2.48110000e+01
1615164700.92865	1.29473600e-02	1.00000000e-04	4.31334371e-03	2.48110000e+01
1615164701.1321073	1.29471800e-02	1.00000000e-04	4.31251264e-03	2.48110000e+01
1615164701.3515477	1.29494600e-02	1.00000000e-04	4.31409560e-03	2.48110000e+01
1615164701.5589654	1.29463400e-02	1.00000000e-04	4.31342850e-03	2.48110000e+01
1615164701.765444	1.29477000e-02	1.00000000e-04	4.31284054e-03	2.48110000e+01
1615164701.9698942	1.29471900e-02	1.00000000e-04	4.31217343e-03	2.48100000e+01
1615164702.1733534	1.29464200e-02	1.00000000e-04	4.31247872e-03	2.48100000e+01
1615164702.3807995	1.29486200e-02	1.00000000e-04	4.31346242e-03	2.48100000e+01
1615164702.5882134	1.29468600e-02	1.00000000e-04	4.31246741e-03	2.48100000e+01
1615164702.7926943	1.29473600e-02	1.00000000e-04	4.31288577e-03	2.48100000e+01
1615164702.9971478	1.29464300e-02	1.00000000e-04	4.31333239e-03	2.48100000e+01
1615164703.2205222	1.29471900e-02	1.00000000e-04	4.31340023e-03	2.48100000e+01
1615164703.4419603	1.29471900e-02	1.00000000e-04	4.31301579e-03	2.48100000e+01
1615164703.663338	1.29462600e-02	1.00000000e-04	4.31206400e-03	2.48100000e+01
1615164703.868816	1.29462600e-02	1.00000000e-04	4.31333037e-03	2.48090000e+01
1615164704.0732696	1.29461800e-02	1.00000000e-04	4.31359043e-03	2.48100000e+01
1615164704.2946486	1.29479600e-02	1.00000000e-04	4.31201877e-03	2.48100000e+01
1615164704.501097	1.29472700e-02	1.00000000e-04	4.31277633e-03	2.48090000e+01
1615164704.7055497	1.29471100e-02	1.00000000e-04	4.31222795e-03	2.48080000e+01
1615164704.9090364	1.29477000e-02	1.00000000e-04	4.31234667e-03	2.48080000e+01
1615164705.1304138	1.29473600e-02	1.00000000e-04	4.31327384e-03	2.48080000e+01
1615164705.337859	1.29468500e-02	1.00000000e-04	4.31217141e-03	2.48080000e+01
1615164705.5443068	1.29471900e-02	1.00000000e-04	4.31249931e-03	2.48090000e+01
1615164705.7507784	1.29490500e-02	1.00000000e-04	4.31285548e-03	2.48090000e+01
1615164705.9542348	1.29460900e-02	1.00000000e-04	4.31182079e-03	2.48090000e+01
1615164706.176617	1.29459200e-02	1.00000000e-04	4.31215435e-03	2.48090000e+01
1615164706.3970275	1.29491300e-02	1.00000000e-04	4.31271969e-03	2.48090000e+01
1615164706.6194327	1.29466900e-02	1.00000000e-04	4.31214869e-03	2.48090000e+01
1615164706.8408716	1.29462600e-02	1.00000000e-04	4.31261793e-03	2.48080000e+01
