1615166350.343275	1.29461900e-02	1.00000000e-04	4.31254399e-03	2.47770000e+01
1615166350.5487318	1.29479700e-02	1.00000000e-04	4.31284362e-03	2.47770000e+01
1615166350.7561755	1.29443300e-02	1.00000000e-04	4.31288885e-03	2.47770000e+01
1615166350.962595	1.29458700e-02	1.00000000e-04	4.31201822e-03	2.47770000e+01
1615166351.1680462	1.29442400e-02	1.00000000e-04	4.31234612e-03	2.47770000e+01
1615166351.3745196	1.29446600e-02	1.00000000e-04	4.31143026e-03	2.47770000e+01
1615166351.5939357	1.29458500e-02	1.00000000e-04	4.31267402e-03	2.47770000e+01
1615166351.8173106	1.29454300e-02	1.00000000e-04	4.31326763e-03	2.47780000e+01
1615166352.0237582	1.29467800e-02	1.00000000e-04	4.32520773e-03	2.47780000e+01
1615166352.2292426	1.29510600e-02	1.00000000e-04	4.31673498e-03	2.47780000e+01
1615166352.4356856	1.29493800e-02	1.00000000e-04	4.31485803e-03	2.47780000e+01
1615166352.6431022	1.29475300e-02	1.00000000e-04	4.31371038e-03	2.47780000e+01
1615166352.8485515	1.29488000e-02	1.00000000e-04	4.31462624e-03	2.47770000e+01
1615166353.0540352	1.29480300e-02	1.00000000e-04	4.31375560e-03	2.47760000e+01
1615166353.2734392	1.29475300e-02	1.00000000e-04	4.31405524e-03	2.47770000e+01
1615166353.4928286	1.29475300e-02	1.00000000e-04	4.31441140e-03	2.47770000e+01
1615166353.699305	1.29470200e-02	1.00000000e-04	4.31571735e-03	2.47770000e+01
1615166353.9197133	1.29472800e-02	1.00000000e-04	4.31450186e-03	2.47770000e+01
1615166354.1261365	1.29479700e-02	1.00000000e-04	4.31443402e-03	2.47770000e+01
1615166354.3485694	1.29470300e-02	1.00000000e-04	4.31419092e-03	2.47770000e+01
1615166354.5549884	1.29469400e-02	1.00000000e-04	4.31434922e-03	2.47770000e+01
1615166354.7594697	1.29472700e-02	1.00000000e-04	4.31387592e-03	2.47770000e+01
1615166354.9668882	1.29464400e-02	1.00000000e-04	4.31401725e-03	2.47770000e+01
1615166355.1883185	1.29472900e-02	1.00000000e-04	4.31438473e-03	2.47770000e+01
1615166355.3947713	1.29467700e-02	1.00000000e-04	4.31450345e-03	2.47780000e+01
1615166355.6002247	1.29471100e-02	1.00000000e-04	4.31284699e-03	2.47770000e+01
1615166355.8076386	1.29467800e-02	1.00000000e-04	4.31352540e-03	2.47760000e+01
1615166356.0151153	1.29471200e-02	1.00000000e-04	4.31289221e-03	2.47760000e+01
1615166356.2225535	1.29464300e-02	1.00000000e-04	4.31334449e-03	2.47760000e+01
1615166356.4429393	1.29460900e-02	1.00000000e-04	4.31406813e-03	2.47760000e+01
1615166356.6493878	1.29466200e-02	1.00000000e-04	4.31379111e-03	2.47760000e+01
1615166356.854839	1.29466000e-02	1.00000000e-04	4.31340103e-03	2.47760000e+01
1615166357.0762467	1.29485400e-02	1.00000000e-04	4.31383069e-03	2.47760000e+01
1615166357.2986512	1.29456000e-02	1.00000000e-04	4.31394326e-03	2.47760000e+01
1615166357.5051231	1.29451700e-02	1.00000000e-04	4.31350794e-03	2.47760000e+01
1615166357.7125754	1.29469400e-02	1.00000000e-04	4.31278430e-03	2.47760000e+01
1615166357.9339533	1.29461900e-02	1.00000000e-04	4.31305001e-03	2.47760000e+01
1615166358.139403	1.29463700e-02	1.00000000e-04	4.31331007e-03	2.47760000e+01
1615166358.3458805	1.29466800e-02	1.00000000e-04	4.31399414e-03	2.47760000e+01
1615166358.5662875	1.29459300e-02	1.00000000e-04	4.31322527e-03	2.47770000e+01
1615166358.771713	1.29456000e-02	1.00000000e-04	4.31290867e-03	2.47770000e+01
1615166358.9791572	1.29463500e-02	1.00000000e-04	4.31368885e-03	2.47770000e+01
1615166359.1846323	1.29459300e-02	1.00000000e-04	4.31307262e-03	2.47770000e+01
1615166359.3920856	1.29461900e-02	1.00000000e-04	4.31328746e-03	2.47760000e+01
1615166359.597533	1.29460200e-02	1.00000000e-04	4.31171579e-03	2.47760000e+01
1615166359.8179462	1.29465200e-02	1.00000000e-04	4.31291482e-03	2.47760000e+01
1615166360.0233698	1.29458500e-02	1.00000000e-04	4.31312399e-03	2.47760000e+01
1615166360.2447972	1.29454200e-02	1.00000000e-04	4.31375153e-03	2.47760000e+01
1615166360.4512205	1.29466900e-02	1.00000000e-04	4.31284697e-03	2.47750000e+01
1615166360.6586983	1.29457700e-02	1.00000000e-04	4.31356496e-03	2.47740000e+01
1615166360.8651469	1.29451600e-02	1.00000000e-04	4.31305050e-03	2.47750000e+01
1615166361.0845284	1.29456000e-02	1.00000000e-04	4.31311834e-03	2.47760000e+01
1615166361.305935	1.29457600e-02	1.00000000e-04	4.31279044e-03	2.47760000e+01
1615166361.512383	1.29464400e-02	1.00000000e-04	4.31204418e-03	2.47760000e+01
1615166361.7198284	1.29464500e-02	1.00000000e-04	4.31258692e-03	2.47760000e+01
1615166361.9262772	1.29459300e-02	1.00000000e-04	4.31284132e-03	2.47750000e+01
1615166362.131756	1.29529100e-02	1.00000000e-04	4.31824086e-03	2.47750000e+01
1615166362.3531346	1.29493800e-02	1.00000000e-04	4.31606994e-03	2.47750000e+01
1615166362.5755403	1.29490400e-02	1.00000000e-04	4.31561201e-03	2.47750000e+01
1615166362.7829852	1.29484500e-02	1.00000000e-04	4.31543675e-03	2.47750000e+01
1615166363.003426	1.29479500e-02	1.00000000e-04	4.31474703e-03	2.47750000e+01
1615166363.2088463	1.29474400e-02	1.00000000e-04	4.31595121e-03	2.47750000e+01
1615166363.4292898	1.29481300e-02	1.00000000e-04	4.31557809e-03	2.47750000e+01
1615166363.6526616	1.29471900e-02	1.00000000e-04	4.31469049e-03	2.47750000e+01
1615166363.8581102	1.29476000e-02	1.00000000e-04	4.31387639e-03	2.47760000e+01
1615166364.0805151	1.29462700e-02	1.00000000e-04	4.31554416e-03	2.47760000e+01
1615166364.3019235	1.29493000e-02	1.00000000e-04	4.31463961e-03	2.47770000e+01
1615166364.5233624	1.29482100e-02	1.00000000e-04	4.31422691e-03	2.47770000e+01
1615166364.7447598	1.29483700e-02	1.00000000e-04	4.31501621e-03	2.47770000e+01
1615166364.9661767	1.29456700e-02	1.00000000e-04	4.31476745e-03	2.47770000e+01
1615166365.1855917	1.29464300e-02	1.00000000e-04	4.31395901e-03	2.47770000e+01
1615166365.4079664	1.29476200e-02	1.00000000e-04	4.31363676e-03	2.47770000e+01
1615166365.6293745	1.29464300e-02	1.00000000e-04	4.31364242e-03	2.47770000e+01
1615166365.852777	1.29470200e-02	1.00000000e-04	4.31363676e-03	2.47770000e+01
1615166366.075182	1.29478700e-02	1.00000000e-04	4.31450174e-03	2.47770000e+01
1615166366.2966182	1.29480400e-02	1.00000000e-04	4.31430952e-03	2.47770000e+01
1615166366.517998	1.29470200e-02	1.00000000e-04	4.31471092e-03	2.47760000e+01
1615166366.7404022	1.29486300e-02	1.00000000e-04	4.31431518e-03	2.47760000e+01
1615166366.9478488	1.29468500e-02	1.00000000e-04	4.31341062e-03	2.47760000e+01
1615166367.1552942	1.29448200e-02	1.00000000e-04	4.31376431e-03	2.47760000e+01
1615166367.359746	1.29474500e-02	1.00000000e-04	4.31367386e-03	2.47760000e+01
1615166367.56722	1.29462700e-02	1.00000000e-04	4.31406960e-03	2.47770000e+01
1615166367.774665	1.29469500e-02	1.00000000e-04	4.31441446e-03	2.47770000e+01
1615166367.9950483	1.29488000e-02	1.00000000e-04	4.31288803e-03	2.47770000e+01
1615166368.215489	1.29469500e-02	1.00000000e-04	4.31379258e-03	2.47770000e+01
1615166368.4209082	1.29466000e-02	1.00000000e-04	4.31287672e-03	2.47760000e+01
1615166368.6433384	1.29463600e-02	1.00000000e-04	4.31434662e-03	2.47760000e+01
1615166368.8497853	1.29479600e-02	1.00000000e-04	4.31343076e-03	2.47760000e+01
1615166369.0711703	1.29487900e-02	1.00000000e-04	4.31284280e-03	2.47760000e+01
1615166369.2776172	1.29479500e-02	1.00000000e-04	4.31309155e-03	2.47770000e+01
1615166369.4840662	1.29471200e-02	1.00000000e-04	4.31328942e-03	2.47770000e+01
1615166369.6905375	1.29466900e-02	1.00000000e-04	4.31404551e-03	2.47770000e+01
1615166369.9129183	1.29475400e-02	1.00000000e-04	4.31336144e-03	2.47770000e+01
1615166370.1193666	1.29463500e-02	1.00000000e-04	4.31400028e-03	2.47770000e+01
1615166370.3417726	1.29470300e-02	1.00000000e-04	4.31367238e-03	2.47770000e+01
1615166370.546226	1.29460200e-02	1.00000000e-04	4.31340101e-03	2.47770000e+01
1615166370.7526739	1.29477900e-02	1.00000000e-04	4.31344624e-03	2.47770000e+01
1615166370.960118	1.29458400e-02	1.00000000e-04	4.31441298e-03	2.47770000e+01
1615166371.1665683	1.29466000e-02	1.00000000e-04	4.31453170e-03	2.47770000e+01
1615166371.3710542	1.29455000e-02	1.00000000e-04	4.31355366e-03	2.47770000e+01
1615166371.5764709	1.29465900e-02	1.00000000e-04	4.31361584e-03	2.47770000e+01
1615166371.7839434	1.29466100e-02	1.00000000e-04	4.31386460e-03	2.47780000e+01
1615166371.990363	1.29454200e-02	1.00000000e-04	4.31293178e-03	2.47780000e+01
1615166372.194846	1.29520700e-02	1.00000000e-04	4.31656991e-03	2.47780000e+01
1615166372.402296	1.29497100e-02	1.00000000e-04	4.31621940e-03	2.47780000e+01
1615166372.6087406	1.29496300e-02	1.00000000e-04	4.31466470e-03	2.47780000e+01
1615166372.8151584	1.29491300e-02	1.00000000e-04	4.31551837e-03	2.47770000e+01
1615166373.0226026	1.29498900e-02	1.00000000e-04	4.31570493e-03	2.47770000e+01
1615166373.2250612	1.29487100e-02	1.00000000e-04	4.31554098e-03	2.47770000e+01
1615166373.4325426	1.29487200e-02	1.00000000e-04	4.31517351e-03	2.47770000e+01
1615166373.652918	1.29488800e-02	1.00000000e-04	4.31466470e-03	2.47770000e+01
1615166373.8763208	1.29481200e-02	1.00000000e-04	4.31494172e-03	2.47770000e+01
1615166374.0987532	1.29485400e-02	1.00000000e-04	4.31473254e-03	2.47770000e+01
1615166374.3211613	1.29487000e-02	1.00000000e-04	4.31474385e-03	2.47770000e+01
1615166374.5425394	1.29484700e-02	1.00000000e-04	4.31457424e-03	2.47760000e+01
1615166374.7489858	1.29492100e-02	1.00000000e-04	4.31470131e-03	2.47760000e+01
1615166374.9564312	1.29477000e-02	1.00000000e-04	4.31401724e-03	2.47750000e+01
1615166375.1778703	1.29460900e-02	1.00000000e-04	4.31461650e-03	2.47760000e+01
1615166375.3982759	1.29481200e-02	1.00000000e-04	4.31509139e-03	2.47750000e+01
1615166375.6037238	1.29484600e-02	1.00000000e-04	4.31390417e-03	2.47760000e+01
1615166375.823138	1.29463500e-02	1.00000000e-04	4.31416988e-03	2.47770000e+01
1615166376.0285928	1.29468600e-02	1.00000000e-04	4.31394374e-03	2.47760000e+01
1615166376.2340157	1.29482900e-02	1.00000000e-04	4.31398332e-03	2.47760000e+01
1615166376.4534569	1.29474500e-02	1.00000000e-04	4.31402289e-03	2.47750000e+01
1615166376.675833	1.29475400e-02	1.00000000e-04	4.31403985e-03	2.47760000e+01
1615166376.8992355	1.29476200e-02	1.00000000e-04	4.31402289e-03	2.47760000e+01
1615166377.106681	1.29472900e-02	1.00000000e-04	4.31431394e-03	2.47760000e+01
1615166377.3260953	1.29490500e-02	1.00000000e-04	4.31448354e-03	2.47760000e+01
1615166377.531545	1.29475400e-02	1.00000000e-04	4.31379947e-03	2.47760000e+01
1615166377.7379928	1.29463600e-02	1.00000000e-04	4.31351115e-03	2.47760000e+01
1615166377.943468	1.29483800e-02	1.00000000e-04	4.31455138e-03	2.47760000e+01
1615166378.1498933	1.29470200e-02	1.00000000e-04	4.31321151e-03	2.47760000e+01
1615166378.3722963	1.29473700e-02	1.00000000e-04	4.31450616e-03	2.47760000e+01
1615166378.5956988	1.29480300e-02	1.00000000e-04	4.31374294e-03	2.47770000e+01
1615166378.8001523	1.29481200e-02	1.00000000e-04	4.31343200e-03	2.47760000e+01
1615166379.0225575	1.29455000e-02	1.00000000e-04	4.31352245e-03	2.47760000e+01
1615166379.227041	1.29449100e-02	1.00000000e-04	4.31320021e-03	2.47760000e+01
1615166379.4324925	1.29466100e-02	1.00000000e-04	4.31399734e-03	2.47760000e+01
1615166379.638909	1.29478700e-02	1.00000000e-04	4.31302823e-03	2.47770000e+01
1615166379.8573253	1.29467900e-02	1.00000000e-04	4.31418719e-03	2.47770000e+01
1615166380.0797305	1.29467900e-02	1.00000000e-04	4.31342398e-03	2.47780000e+01
1615166380.2871766	1.29451800e-02	1.00000000e-04	4.31359923e-03	2.47780000e+01
1615166380.4916553	1.29452600e-02	1.00000000e-04	4.31354270e-03	2.47780000e+01
1615166380.7150629	1.29473700e-02	1.00000000e-04	4.31319784e-03	2.47770000e+01
1615166380.937438	1.29473700e-02	1.00000000e-04	4.31418154e-03	2.47770000e+01
1615166381.1429138	1.29467800e-02	1.00000000e-04	4.31297170e-03	2.47770000e+01
1615166381.3633292	1.29456000e-02	1.00000000e-04	4.31375188e-03	2.47760000e+01
1615166381.5687485	1.29472800e-02	1.00000000e-04	4.31469600e-03	2.47760000e+01
1615166381.7901802	1.29469500e-02	1.00000000e-04	4.31311304e-03	2.47760000e+01
1615166382.0135891	1.29466200e-02	1.00000000e-04	4.31298866e-03	2.47760000e+01
1615166382.2349975	1.29466000e-02	1.00000000e-04	4.31389077e-03	2.47770000e+01
1615166382.4574049	1.29444800e-02	1.00000000e-04	4.31360810e-03	2.47770000e+01
1615166382.6648576	1.29456700e-02	1.00000000e-04	4.31250567e-03	2.47770000e+01
1615166382.886258	1.29458500e-02	1.00000000e-04	4.31314452e-03	2.47770000e+01
1615166383.1076577	1.29483800e-02	1.00000000e-04	4.31319540e-03	2.47780000e+01
1615166383.3310661	1.29472800e-02	1.00000000e-04	4.31304275e-03	2.47770000e+01
1615166383.552444	1.29462600e-02	1.00000000e-04	4.31282792e-03	2.47770000e+01
1615166383.7738767	1.29456800e-02	1.00000000e-04	4.31338196e-03	2.47770000e+01
1615166383.9962883	1.29458500e-02	1.00000000e-04	4.31252263e-03	2.47760000e+01
1615166384.2166677	1.29457700e-02	1.00000000e-04	4.31341588e-03	2.47760000e+01
1615166384.4231164	1.29467800e-02	1.00000000e-04	4.31329151e-03	2.47770000e+01
1615166384.626602	1.29463500e-02	1.00000000e-04	4.31324872e-03	2.47780000e+01
1615166384.8310564	1.29463500e-02	1.00000000e-04	4.31286994e-03	2.47780000e+01
1615166385.0385053	1.29465200e-02	1.00000000e-04	4.31321480e-03	2.47780000e+01
1615166385.2429533	1.29451800e-02	1.00000000e-04	4.31243462e-03	2.47780000e+01
1615166385.448407	1.29459300e-02	1.00000000e-04	4.31292647e-03	2.47770000e+01
1615166385.6668196	1.29462900e-02	1.00000000e-04	4.31216325e-03	2.47770000e+01
1615166385.8732388	1.29461900e-02	1.00000000e-04	4.31301693e-03	2.47770000e+01
1615166386.0956428	1.29461000e-02	1.00000000e-04	4.31297170e-03	2.47770000e+01
1615166386.3160772	1.29455900e-02	1.00000000e-04	4.31255334e-03	2.47770000e+01
1615166386.5215056	1.29445800e-02	1.00000000e-04	4.31237243e-03	2.47770000e+01
1615166386.7439103	1.29462600e-02	1.00000000e-04	4.31308477e-03	2.47760000e+01
1615166386.9513555	1.29477800e-02	1.00000000e-04	4.31301693e-03	2.47760000e+01
1615166387.1737611	1.29455100e-02	1.00000000e-04	4.31326366e-03	2.47770000e+01
1615166387.3951964	1.29463600e-02	1.00000000e-04	4.31291880e-03	2.47770000e+01
1615166387.6165767	1.29471300e-02	1.00000000e-04	4.31335977e-03	2.47770000e+01
1615166387.8240447	1.29451700e-02	1.00000000e-04	4.31331454e-03	2.47780000e+01
1615166388.028474	1.29472000e-02	1.00000000e-04	4.31335412e-03	2.47790000e+01
1615166388.2508805	1.29447400e-02	1.00000000e-04	4.31242695e-03	2.47780000e+01
1615166388.4573283	1.29462700e-02	1.00000000e-04	4.31253437e-03	2.47770000e+01
1615166388.6648016	1.29466900e-02	1.00000000e-04	4.31354633e-03	2.47770000e+01
1615166388.870223	1.29465300e-02	1.00000000e-04	4.31325801e-03	2.47770000e+01
1615166389.076706	1.29457600e-02	1.00000000e-04	4.31181638e-03	2.47770000e+01
1615166389.2990763	1.29456800e-02	1.00000000e-04	4.31309406e-03	2.47770000e+01
1615166389.5055544	1.29467000e-02	1.00000000e-04	4.31261917e-03	2.47780000e+01
1615166389.710976	1.29439900e-02	1.00000000e-04	4.31306494e-03	2.47780000e+01
1615166389.917424	1.29454300e-02	1.00000000e-04	4.31282184e-03	2.47770000e+01
1615166390.1238706	1.29464500e-02	1.00000000e-04	4.31270312e-03	2.47770000e+01
1615166390.3283548	1.29450100e-02	1.00000000e-04	4.31140848e-03	2.47770000e+01
1615166390.5338056	1.29456800e-02	1.00000000e-04	4.31227346e-03	2.47770000e+01
1615166390.7402463	1.29464400e-02	1.00000000e-04	4.31298014e-03	2.47770000e+01
1615166390.9476688	1.29466200e-02	1.00000000e-04	4.31211516e-03	2.47770000e+01
1615166391.1541178	1.29461900e-02	1.00000000e-04	4.31274835e-03	2.47760000e+01
1615166391.3605986	1.29454300e-02	1.00000000e-04	4.31276531e-03	2.47760000e+01
1615166391.5680406	1.29463600e-02	1.00000000e-04	4.31236391e-03	2.47760000e+01
1615166391.7894177	1.29445000e-02	1.00000000e-04	4.31236391e-03	2.47760000e+01
1615166392.011822	1.29458600e-02	1.00000000e-04	4.31236391e-03	2.47770000e+01
1615166392.215302	1.29461800e-02	1.00000000e-04	4.31288353e-03	2.47770000e+01
1615166392.4217267	1.29461100e-02	1.00000000e-04	4.31295137e-03	2.47780000e+01
1615166392.6282048	1.29446600e-02	1.00000000e-04	4.31215989e-03	2.47780000e+01
1615166392.832657	1.29465200e-02	1.00000000e-04	4.31249344e-03	2.47780000e+01
1615166393.0370803	1.29463600e-02	1.00000000e-04	4.31274785e-03	2.47780000e+01
1615166393.2425551	1.29460200e-02	1.00000000e-04	4.31227861e-03	2.47760000e+01
