1615167287.091481	1.29451100e-02	1.00000000e-04	4.31272579e-03	2.47670000e+01
1615167287.2969303	1.29451100e-02	1.00000000e-04	4.31329679e-03	2.47670000e+01
1615167287.5043442	1.29445800e-02	1.00000000e-04	4.31365861e-03	2.47680000e+01
1615167287.7108173	1.29451900e-02	1.00000000e-04	4.31306500e-03	2.47680000e+01
1615167287.9302073	1.29445100e-02	1.00000000e-04	4.31270318e-03	2.47670000e+01
1615167288.1506455	1.29447600e-02	1.00000000e-04	4.31343247e-03	2.47680000e+01
1615167288.3550704	1.29436600e-02	1.00000000e-04	4.31278798e-03	2.47680000e+01
1615167288.5625148	1.29448300e-02	1.00000000e-04	4.31309326e-03	2.47680000e+01
1615167288.767992	1.29450100e-02	1.00000000e-04	4.32921276e-03	2.47690000e+01
1615167288.9754105	1.29474400e-02	1.00000000e-04	4.31587627e-03	2.47680000e+01
1615167289.195851	1.29472800e-02	1.00000000e-04	4.31606283e-03	2.47680000e+01
1615167289.418257	1.29466800e-02	1.00000000e-04	4.31527701e-03	2.47680000e+01
1615167289.6396344	1.29479500e-02	1.00000000e-04	4.31526004e-03	2.47680000e+01
1615167289.8610756	1.29470200e-02	1.00000000e-04	4.31513002e-03	2.47670000e+01
1615167290.082451	1.29478700e-02	1.00000000e-04	4.31536746e-03	2.47680000e+01
1615167290.3008676	1.29454200e-02	1.00000000e-04	4.31604587e-03	2.47680000e+01
1615167290.5232954	1.29466900e-02	1.00000000e-04	4.31464947e-03	2.47680000e+01
1615167290.728751	1.29460300e-02	1.00000000e-04	4.31524308e-03	2.47680000e+01
1615167290.9501595	1.29459300e-02	1.00000000e-04	4.31457032e-03	2.47670000e+01
1615167291.1566133	1.29467800e-02	1.00000000e-04	4.31377907e-03	2.47670000e+01
1615167291.3610642	1.29472900e-02	1.00000000e-04	4.31428788e-03	2.47670000e+01
1615167291.566515	1.29457700e-02	1.00000000e-04	4.31461013e-03	2.47670000e+01
1615167291.7729294	1.29450900e-02	1.00000000e-04	4.31472885e-03	2.47670000e+01
1615167291.9933636	1.29466900e-02	1.00000000e-04	4.31473451e-03	2.47670000e+01
1615167292.2147799	1.29466200e-02	1.00000000e-04	4.31396564e-03	2.47670000e+01
1615167292.4212253	1.29457000e-02	1.00000000e-04	4.31354163e-03	2.47670000e+01
1615167292.6426039	1.29450100e-02	1.00000000e-04	4.31321373e-03	2.47680000e+01
1615167292.8490806	1.29443300e-02	1.00000000e-04	4.31474016e-03	2.47680000e+01
1615167293.0694623	1.29442500e-02	1.00000000e-04	4.31393737e-03	2.47670000e+01
1615167293.2759364	1.29454300e-02	1.00000000e-04	4.31383561e-03	2.47670000e+01
1615167293.4823868	1.29447600e-02	1.00000000e-04	4.31292540e-03	2.47680000e+01
1615167293.6898324	1.29456000e-02	1.00000000e-04	4.31377956e-03	2.47670000e+01
1615167293.9112113	1.29464400e-02	1.00000000e-04	4.31442406e-03	2.47680000e+01
1615167294.1176593	1.29451800e-02	1.00000000e-04	4.31407920e-03	2.47680000e+01
1615167294.3231406	1.29444200e-02	1.00000000e-04	4.31335555e-03	2.47680000e+01
1615167294.5285938	1.29450900e-02	1.00000000e-04	4.31432229e-03	2.47680000e+01
1615167294.7360418	1.29446700e-02	1.00000000e-04	4.31440710e-03	2.47680000e+01
1615167294.9564402	1.29453500e-02	1.00000000e-04	4.31477457e-03	2.47680000e+01
1615167295.1768568	1.29443400e-02	1.00000000e-04	4.31442971e-03	2.47680000e+01
1615167295.3833034	1.29445100e-02	1.00000000e-04	4.31349689e-03	2.47680000e+01
1615167295.5897584	1.29441800e-02	1.00000000e-04	4.31412442e-03	2.47680000e+01
1615167295.812158	1.29451000e-02	1.00000000e-04	4.31400005e-03	2.47680000e+01
1615167296.0325673	1.29437400e-02	1.00000000e-04	4.31294851e-03	2.47680000e+01
1615167296.2400146	1.29444200e-02	1.00000000e-04	4.31375476e-03	2.47680000e+01
1615167296.446458	1.29440000e-02	1.00000000e-04	4.31506071e-03	2.47680000e+01
1615167296.6528797	1.29450100e-02	1.00000000e-04	4.31337033e-03	2.47670000e+01
1615167296.8603547	1.29448400e-02	1.00000000e-04	4.31322334e-03	2.47670000e+01
1615167297.0807598	1.29425600e-02	1.00000000e-04	4.31324595e-03	2.47670000e+01
1615167297.2871833	1.29442600e-02	1.00000000e-04	4.31381695e-03	2.47670000e+01
1615167297.4916627	1.29446000e-02	1.00000000e-04	4.31363039e-03	2.47670000e+01
1615167297.7130444	1.29436700e-02	1.00000000e-04	4.31256189e-03	2.47660000e+01
1615167297.9205139	1.29421400e-02	1.00000000e-04	4.31296893e-03	2.47660000e+01
1615167298.138907	1.29450100e-02	1.00000000e-04	4.31334772e-03	2.47660000e+01
1615167298.3593514	1.29446700e-02	1.00000000e-04	4.31411658e-03	2.47670000e+01
1615167298.5647974	1.29440900e-02	1.00000000e-04	4.31336468e-03	2.47680000e+01
1615167298.7862039	1.29430800e-02	1.00000000e-04	4.32527658e-03	2.47680000e+01
1615167298.9916515	1.29466000e-02	1.00000000e-04	4.31659852e-03	2.47670000e+01
1615167299.2110703	1.29462700e-02	1.00000000e-04	4.31631020e-03	2.47670000e+01
1615167299.4175196	1.29461900e-02	1.00000000e-04	4.31571658e-03	2.47670000e+01
1615167299.6239648	1.29448300e-02	1.00000000e-04	4.31507209e-03	2.47670000e+01
1615167299.830415	1.29435700e-02	1.00000000e-04	4.31504382e-03	2.47670000e+01
1615167300.0498211	1.29452600e-02	1.00000000e-04	4.31507209e-03	2.47660000e+01
1615167300.2542489	1.29449300e-02	1.00000000e-04	4.31459154e-03	2.47670000e+01
1615167300.4597323	1.29457700e-02	1.00000000e-04	4.31447848e-03	2.47670000e+01
1615167300.666178	1.29445900e-02	1.00000000e-04	4.31459154e-03	2.47670000e+01
1615167300.8726199	1.29450900e-02	1.00000000e-04	4.31455197e-03	2.47670000e+01
1615167301.0770495	1.29444100e-02	1.00000000e-04	4.31509470e-03	2.47680000e+01
1615167301.2825239	1.29450900e-02	1.00000000e-04	4.31510849e-03	2.47680000e+01
1615167301.4879808	1.29451700e-02	1.00000000e-04	4.31589997e-03	2.47680000e+01
1615167301.7083929	1.29452700e-02	1.00000000e-04	4.31420393e-03	2.47670000e+01
1615167301.9158068	1.29453400e-02	1.00000000e-04	4.31543073e-03	2.47670000e+01
1615167302.1202595	1.29448400e-02	1.00000000e-04	4.31421524e-03	2.47670000e+01
1615167302.3237386	1.29446800e-02	1.00000000e-04	4.31430004e-03	2.47670000e+01
1615167302.5461445	1.29471100e-02	1.00000000e-04	4.31375166e-03	2.47670000e+01
1615167302.7516007	1.29442600e-02	1.00000000e-04	4.31390996e-03	2.47670000e+01
1615167302.958048	1.29450900e-02	1.00000000e-04	4.31358771e-03	2.47660000e+01
1615167303.1634717	1.29436600e-02	1.00000000e-04	4.31495584e-03	2.47660000e+01
1615167303.3689208	1.29441700e-02	1.00000000e-04	4.31503499e-03	2.47670000e+01
1615167303.5753965	1.29450200e-02	1.00000000e-04	4.31414175e-03	2.47670000e+01
1615167303.7828128	1.29445100e-02	1.00000000e-04	4.31334084e-03	2.47670000e+01
1615167303.9882946	1.29439200e-02	1.00000000e-04	4.31447718e-03	2.47660000e+01
1615167304.2097013	1.29436700e-02	1.00000000e-04	4.31377050e-03	2.47660000e+01
1615167304.4161193	1.29446800e-02	1.00000000e-04	4.31410405e-03	2.47660000e+01
1615167304.6225917	1.29454400e-02	1.00000000e-04	4.31409275e-03	2.47660000e+01
1615167304.8290393	1.29448500e-02	1.00000000e-04	4.31415493e-03	2.47660000e+01
1615167305.0344658	1.29467000e-02	1.00000000e-04	4.31413797e-03	2.47660000e+01
1615167305.237922	1.29445100e-02	1.00000000e-04	4.31355001e-03	2.47660000e+01
1615167305.4434009	1.29431500e-02	1.00000000e-04	4.31299598e-03	2.47670000e+01
1615167305.6508186	1.29445000e-02	1.00000000e-04	4.31344260e-03	2.47670000e+01
1615167305.8722572	1.29446700e-02	1.00000000e-04	4.31286029e-03	2.47660000e+01
1615167306.0936344	1.29437600e-02	1.00000000e-04	4.31256066e-03	2.47660000e+01
1615167306.3001075	1.29455200e-02	1.00000000e-04	4.31389562e-03	2.47670000e+01
1615167306.5075264	1.29444300e-02	1.00000000e-04	4.31525245e-03	2.47670000e+01
1615167306.714998	1.29442500e-02	1.00000000e-04	4.31346030e-03	2.47670000e+01
1615167306.9214492	1.29442500e-02	1.00000000e-04	4.31270274e-03	2.47670000e+01
1615167307.1428661	1.29463600e-02	1.00000000e-04	4.31261794e-03	2.47660000e+01
1615167307.3662615	1.29456900e-02	1.00000000e-04	4.31385605e-03	2.47670000e+01
1615167307.588668	1.29446000e-02	1.00000000e-04	4.31401434e-03	2.47670000e+01
1615167307.8110418	1.29440800e-02	1.00000000e-04	4.31317763e-03	2.47670000e+01
1615167308.018518	1.29443300e-02	1.00000000e-04	4.31449489e-03	2.47670000e+01
1615167308.2239366	1.29446700e-02	1.00000000e-04	4.31261794e-03	2.47670000e+01
1615167308.4304185	1.29433200e-02	1.00000000e-04	4.31343204e-03	2.47670000e+01
1615167308.6338706	1.29450100e-02	1.00000000e-04	4.31257331e-03	2.47660000e+01
1615167308.8403218	1.29572900e-02	1.00000000e-04	4.31926700e-03	2.47660000e+01
1615167309.0467386	1.29467000e-02	1.00000000e-04	4.31553572e-03	2.47660000e+01
1615167309.2671478	1.29463600e-02	1.00000000e-04	4.31549614e-03	2.47660000e+01
1615167309.4905734	1.29472800e-02	1.00000000e-04	4.31454636e-03	2.47660000e+01
1615167309.7099643	1.29467000e-02	1.00000000e-04	4.31537742e-03	2.47670000e+01
1615167309.9154456	1.29458400e-02	1.00000000e-04	4.31598234e-03	2.47670000e+01
1615167310.120893	1.29456800e-02	1.00000000e-04	4.31523043e-03	2.47670000e+01
1615167310.343269	1.29469300e-02	1.00000000e-04	4.31566575e-03	2.47670000e+01
1615167310.5666726	1.29460100e-02	1.00000000e-04	4.31580143e-03	2.47670000e+01
1615167310.773121	1.29455100e-02	1.00000000e-04	4.31466509e-03	2.47670000e+01
1615167310.9795976	1.29457000e-02	1.00000000e-04	4.31443895e-03	2.47670000e+01
1615167311.2010055	1.29461000e-02	1.00000000e-04	4.31465571e-03	2.47670000e+01
1615167311.4214146	1.29452600e-02	1.00000000e-04	4.31448611e-03	2.47670000e+01
1615167311.6258726	1.29449200e-02	1.00000000e-04	4.31514756e-03	2.47680000e+01
1615167311.8322873	1.29467000e-02	1.00000000e-04	4.31478009e-03	2.47670000e+01
1615167312.0397327	1.29453500e-02	1.00000000e-04	4.31381900e-03	2.47670000e+01
1615167312.2451856	1.29443300e-02	1.00000000e-04	4.31534543e-03	2.47670000e+01
1615167312.4506636	1.29461100e-02	1.00000000e-04	4.31423170e-03	2.47660000e+01
1615167312.6700742	1.29434900e-02	1.00000000e-04	4.31517583e-03	2.47660000e+01
1615167312.8754976	1.29436500e-02	1.00000000e-04	4.31480270e-03	2.47670000e+01
1615167313.0969348	1.29448400e-02	1.00000000e-04	4.31438434e-03	2.47670000e+01
1615167313.3193116	1.29456800e-02	1.00000000e-04	4.31410167e-03	2.47670000e+01
1615167313.5267854	1.29451800e-02	1.00000000e-04	4.31412428e-03	2.47660000e+01
1615167313.7451727	1.29456800e-02	1.00000000e-04	4.31462932e-03	2.47660000e+01
1615167313.9516206	1.29469400e-02	1.00000000e-04	4.31463498e-03	2.47650000e+01
1615167314.1720307	1.29458500e-02	1.00000000e-04	4.31372477e-03	2.47650000e+01
1615167314.3785021	1.29451000e-02	1.00000000e-04	4.31356082e-03	2.47650000e+01
1615167314.5849273	1.29459400e-02	1.00000000e-04	4.31438057e-03	2.47650000e+01
1615167314.7884107	1.29444200e-02	1.00000000e-04	4.31422227e-03	2.47650000e+01
1615167314.9948545	1.29450100e-02	1.00000000e-04	4.31460671e-03	2.47650000e+01
1615167315.200311	1.29440800e-02	1.00000000e-04	4.31438622e-03	2.47660000e+01
1615167315.4217236	1.29443300e-02	1.00000000e-04	4.31347602e-03	2.47660000e+01
1615167315.6281605	1.29452600e-02	1.00000000e-04	4.31408659e-03	2.47660000e+01
1615167315.8346155	1.29449300e-02	1.00000000e-04	4.31332337e-03	2.47660000e+01
1615167316.0570183	1.29440700e-02	1.00000000e-04	4.31496853e-03	2.47660000e+01
1615167316.2793949	1.29429000e-02	1.00000000e-04	4.31476774e-03	2.47660000e+01
1615167316.4838483	1.29449300e-02	1.00000000e-04	4.31424197e-03	2.47660000e+01
1615167316.6912932	1.29460100e-02	1.00000000e-04	4.31469990e-03	2.47650000e+01
1615167316.9127297	1.29464400e-02	1.00000000e-04	4.31382361e-03	2.47650000e+01
1615167317.1201754	1.29448400e-02	1.00000000e-04	4.31287948e-03	2.47640000e+01
1615167317.325627	1.29451000e-02	1.00000000e-04	4.31375012e-03	2.47650000e+01
1615167317.5300806	1.29459400e-02	1.00000000e-04	4.31360878e-03	2.47650000e+01
1615167317.7494922	1.29446700e-02	1.00000000e-04	4.31364835e-03	2.47650000e+01
1615167317.9559429	1.29448400e-02	1.00000000e-04	4.31360313e-03	2.47660000e+01
1615167318.1743577	1.29452700e-02	1.00000000e-04	4.31443984e-03	2.47670000e+01
1615167318.3788111	1.29453500e-02	1.00000000e-04	4.31335437e-03	2.47670000e+01
1615167318.586226	1.29442400e-02	1.00000000e-04	4.31223218e-03	2.47670000e+01
1615167318.7927027	1.29440000e-02	1.00000000e-04	4.31369643e-03	2.47680000e+01
1615167318.999151	1.29452600e-02	1.00000000e-04	4.31361728e-03	2.47670000e+01
1615167319.221528	1.29459500e-02	1.00000000e-04	4.31455575e-03	2.47670000e+01
1615167319.427975	1.29443400e-02	1.00000000e-04	4.31455575e-03	2.47670000e+01
1615167319.634424	1.29452600e-02	1.00000000e-04	4.31319327e-03	2.47670000e+01
1615167319.8568292	1.29433200e-02	1.00000000e-04	4.31300671e-03	2.47660000e+01
1615167320.0782676	1.29447700e-02	1.00000000e-04	4.31459533e-03	2.47660000e+01
1615167320.29765	1.29443400e-02	1.00000000e-04	4.31357205e-03	2.47660000e+01
1615167320.5170639	1.29445800e-02	1.00000000e-04	4.31319892e-03	2.47670000e+01
1615167320.7245378	1.29448300e-02	1.00000000e-04	4.31369078e-03	2.47660000e+01
1615167320.9319782	1.29440800e-02	1.00000000e-04	4.31331765e-03	2.47660000e+01
1615167321.137436	1.29456900e-02	1.00000000e-04	4.31341570e-03	2.47660000e+01
1615167321.3568182	1.29448400e-02	1.00000000e-04	4.31402062e-03	2.47650000e+01
1615167321.5622985	1.29444200e-02	1.00000000e-04	4.31318390e-03	2.47650000e+01
1615167321.7667496	1.29442600e-02	1.00000000e-04	4.31288427e-03	2.47660000e+01
1615167321.9731927	1.29439200e-02	1.00000000e-04	4.31411107e-03	2.47660000e+01
1615167322.179618	1.29445000e-02	1.00000000e-04	4.31353442e-03	2.47660000e+01
1615167322.3850682	1.29436700e-02	1.00000000e-04	4.31391885e-03	2.47660000e+01
1615167322.5915148	1.29430700e-02	1.00000000e-04	4.31367576e-03	2.47660000e+01
1615167322.798989	1.29427300e-02	1.00000000e-04	4.31363053e-03	2.47660000e+01
1615167323.022363	1.29446700e-02	1.00000000e-04	4.31270901e-03	2.47650000e+01
1615167323.2268465	1.29433200e-02	1.00000000e-04	4.31273163e-03	2.47660000e+01
1615167323.4322977	1.29451000e-02	1.00000000e-04	4.31345527e-03	2.47660000e+01
1615167323.6536758	1.29443400e-02	1.00000000e-04	4.31336870e-03	2.47660000e+01
1615167323.875084	1.29439200e-02	1.00000000e-04	4.31232846e-03	2.47660000e+01
1615167324.0825582	1.29434900e-02	1.00000000e-04	4.31259417e-03	2.47650000e+01
1615167324.2880023	1.29439900e-02	1.00000000e-04	4.31288815e-03	2.47660000e+01
1615167324.4914656	1.29453400e-02	1.00000000e-04	4.31266201e-03	2.47660000e+01
1615167324.696885	1.29439900e-02	1.00000000e-04	4.31264505e-03	2.47660000e+01
1615167324.91929	1.29433200e-02	1.00000000e-04	4.31230019e-03	2.47660000e+01
1615167325.1267369	1.29444200e-02	1.00000000e-04	4.31331782e-03	2.47660000e+01
1615167325.348177	1.29425600e-02	1.00000000e-04	4.31362876e-03	2.47660000e+01
1615167325.568554	1.29454300e-02	1.00000000e-04	4.31293903e-03	2.47650000e+01
1615167325.7760005	1.29441700e-02	1.00000000e-04	4.31322171e-03	2.47660000e+01
1615167325.9974082	1.29435800e-02	1.00000000e-04	4.31230585e-03	2.47660000e+01
1615167326.2188454	1.29444200e-02	1.00000000e-04	4.31315655e-03	2.47670000e+01
1615167326.425263	1.29438300e-02	1.00000000e-04	4.31229157e-03	2.47670000e+01
1615167326.6466708	1.29441800e-02	1.00000000e-04	4.31278907e-03	2.47670000e+01
1615167326.8680801	1.29440100e-02	1.00000000e-04	4.31350706e-03	2.47670000e+01
1615167327.0745509	1.29451000e-02	1.00000000e-04	4.31340530e-03	2.47670000e+01
1615167327.2809985	1.29449200e-02	1.00000000e-04	4.31246683e-03	2.47670000e+01
1615167327.4874463	1.29443400e-02	1.00000000e-04	4.31325831e-03	2.47660000e+01
1615167327.692895	1.29447600e-02	1.00000000e-04	4.31273819e-03	2.47660000e+01
1615167327.900343	1.29445100e-02	1.00000000e-04	4.31277211e-03	2.47660000e+01
1615167328.1227605	1.29419800e-02	1.00000000e-04	4.31250640e-03	2.47660000e+01
1615167328.3421705	1.29424700e-02	1.00000000e-04	4.31276081e-03	2.47660000e+01
1615167328.56158	1.29430000e-02	1.00000000e-04	4.31208829e-03	2.47660000e+01
1615167328.7680242	1.29441800e-02	1.00000000e-04	4.31296458e-03	2.47650000e+01
1615167328.9914017	1.29434200e-02	1.00000000e-04	4.31278932e-03	2.47650000e+01
1615167329.213807	1.29437500e-02	1.00000000e-04	4.31336032e-03	2.47660000e+01
1615167329.4352148	1.29431600e-02	1.00000000e-04	4.31298719e-03	2.47670000e+01
1615167329.6406949	1.29438300e-02	1.00000000e-04	4.31184519e-03	2.47670000e+01
1615167329.8471477	1.29429800e-02	1.00000000e-04	4.31317375e-03	2.47670000e+01
1615167330.0525942	1.29449400e-02	1.00000000e-04	4.31362038e-03	2.47660000e+01
