1615170050.4511557	1.29420700e-02	1.00000000e-04	4.31126273e-03	2.47440000e+01
1615170050.6546211	1.29432500e-02	1.00000000e-04	4.31121174e-03	2.47440000e+01
1615170050.8600714	1.29422400e-02	1.00000000e-04	4.31153399e-03	2.47430000e+01
1615170051.0665212	1.29411500e-02	1.00000000e-04	4.31186189e-03	2.47430000e+01
1615170051.287896	1.29421500e-02	1.00000000e-04	4.31217848e-03	2.47430000e+01
1615170051.5103242	1.29444400e-02	1.00000000e-04	4.31217283e-03	2.47420000e+01
1615170051.715774	1.29425000e-02	1.00000000e-04	4.31153964e-03	2.47420000e+01
1615170051.921201	1.29430000e-02	1.00000000e-04	4.31110433e-03	2.47420000e+01
1615170052.1426373	1.29428400e-02	1.00000000e-04	4.31782630e-03	2.47420000e+01
1615170052.3490806	1.29451000e-02	1.00000000e-04	4.31452467e-03	2.47420000e+01
1615170052.5555348	1.29437600e-02	1.00000000e-04	4.31336571e-03	2.47420000e+01
1615170052.759959	1.29454400e-02	1.00000000e-04	4.31289647e-03	2.47420000e+01
1615170052.967439	1.29426500e-02	1.00000000e-04	4.31242512e-03	2.47420000e+01
1615170053.1908293	1.29445900e-02	1.00000000e-04	4.31283783e-03	2.47440000e+01
1615170053.4122422	1.29449400e-02	1.00000000e-04	4.31319965e-03	2.47430000e+01
1615170053.6186924	1.29418900e-02	1.00000000e-04	4.31374238e-03	2.47420000e+01
1615170053.8381042	1.29444300e-02	1.00000000e-04	4.31287175e-03	2.47430000e+01
1615170054.0435555	1.29424800e-02	1.00000000e-04	4.31257211e-03	2.47420000e+01
1615170054.2639372	1.29435100e-02	1.00000000e-04	4.31317703e-03	2.47420000e+01
1615170054.4714112	1.29433300e-02	1.00000000e-04	4.31310354e-03	2.47430000e+01
1615170054.6778564	1.29441000e-02	1.00000000e-04	4.31278129e-03	2.47430000e+01
1615170054.8843014	1.29437600e-02	1.00000000e-04	4.31278695e-03	2.47420000e+01
1615170055.0897276	1.29442600e-02	1.00000000e-04	4.31254385e-03	2.47420000e+01
1615170055.3111355	1.29442600e-02	1.00000000e-04	4.31200677e-03	2.47420000e+01
1615170055.5156147	1.29415600e-02	1.00000000e-04	4.31184341e-03	2.47420000e+01
1615170055.7220714	1.29441700e-02	1.00000000e-04	4.31247095e-03	2.47420000e+01
1615170055.943476	1.29428300e-02	1.00000000e-04	4.31283277e-03	2.47420000e+01
1615170056.1499233	1.29439300e-02	1.00000000e-04	4.31229004e-03	2.47420000e+01
1615170056.3733323	1.29439200e-02	1.00000000e-04	4.31293453e-03	2.47420000e+01
1615170056.5947032	1.29440100e-02	1.00000000e-04	4.31214305e-03	2.47420000e+01
1615170056.799185	1.29438300e-02	1.00000000e-04	4.31296280e-03	2.47420000e+01
1615170057.0056367	1.29430800e-02	1.00000000e-04	4.31268578e-03	2.47430000e+01
1615170057.2260425	1.29417300e-02	1.00000000e-04	4.31260098e-03	2.47420000e+01
1615170057.4324932	1.29436800e-02	1.00000000e-04	4.31177557e-03	2.47420000e+01
1615170057.6399372	1.29445900e-02	1.00000000e-04	4.31287800e-03	2.47420000e+01
1615170057.8453846	1.29440200e-02	1.00000000e-04	4.31227308e-03	2.47430000e+01
1615170058.0528364	1.29428300e-02	1.00000000e-04	4.31229393e-03	2.47420000e+01
1615170058.2722414	1.29437600e-02	1.00000000e-04	4.31220913e-03	2.47430000e+01
1615170058.4757044	1.29437600e-02	1.00000000e-04	4.31240134e-03	2.47430000e+01
1615170058.6831195	1.29439300e-02	1.00000000e-04	4.31120846e-03	2.47430000e+01
1615170058.8905957	1.29421700e-02	1.00000000e-04	4.31294973e-03	2.47430000e+01
1615170059.0970118	1.29426600e-02	1.00000000e-04	4.31245788e-03	2.47420000e+01
1615170059.302486	1.29419800e-02	1.00000000e-04	4.31227697e-03	2.47430000e+01
1615170059.5229049	1.29451900e-02	1.00000000e-04	4.31160986e-03	2.47440000e+01
1615170059.743312	1.29425800e-02	1.00000000e-04	4.31192080e-03	2.47450000e+01
1615170059.9497633	1.29432500e-02	1.00000000e-04	4.31249745e-03	2.47450000e+01
1615170060.1572056	1.29429100e-02	1.00000000e-04	4.31251441e-03	2.47450000e+01
1615170060.3626506	1.29432400e-02	1.00000000e-04	4.31185861e-03	2.47450000e+01
1615170060.5671103	1.29435000e-02	1.00000000e-04	4.31269472e-03	2.47440000e+01
1615170060.773529	1.29430000e-02	1.00000000e-04	4.31147358e-03	2.47440000e+01
1615170060.9929714	1.29423200e-02	1.00000000e-04	4.31098738e-03	2.47430000e+01
1615170061.2153792	1.29430800e-02	1.00000000e-04	4.31174494e-03	2.47420000e+01
1615170061.4377844	1.29433300e-02	1.00000000e-04	4.31167710e-03	2.47420000e+01
1615170061.644201	1.29434300e-02	1.00000000e-04	4.31187497e-03	2.47420000e+01
1615170061.849679	1.29431700e-02	1.00000000e-04	4.31197108e-03	2.47420000e+01
1615170062.0720792	1.29434300e-02	1.00000000e-04	4.31259862e-03	2.47420000e+01
1615170062.2775064	1.29465300e-02	1.00000000e-04	4.31514268e-03	2.47420000e+01
1615170062.4989142	1.29443400e-02	1.00000000e-04	4.31422116e-03	2.47440000e+01
1615170062.7053633	1.29440900e-02	1.00000000e-04	4.31354840e-03	2.47440000e+01
1615170062.9258013	1.29452700e-02	1.00000000e-04	4.31424377e-03	2.47440000e+01
1615170063.1471817	1.29451900e-02	1.00000000e-04	4.31262063e-03	2.47430000e+01
1615170063.3546495	1.29468700e-02	1.00000000e-04	4.31407923e-03	2.47430000e+01
1615170063.5750375	1.29453500e-02	1.00000000e-04	4.31323686e-03	2.47430000e+01
1615170063.7974741	1.29434900e-02	1.00000000e-04	4.31362130e-03	2.47430000e+01
1615170064.0038896	1.29448500e-02	1.00000000e-04	4.31307291e-03	2.47420000e+01
1615170064.2103617	1.29462000e-02	1.00000000e-04	4.31280720e-03	2.47420000e+01
1615170064.415817	1.29442600e-02	1.00000000e-04	4.31257541e-03	2.47420000e+01
1615170064.6232677	1.29440900e-02	1.00000000e-04	4.31344604e-03	2.47420000e+01
1615170064.8277104	1.29435000e-02	1.00000000e-04	4.31250756e-03	2.47420000e+01
1615170065.0331697	1.29433500e-02	1.00000000e-04	4.31258106e-03	2.47420000e+01
1615170065.2396092	1.29443500e-02	1.00000000e-04	4.31265455e-03	2.47420000e+01
1615170065.4470627	1.29439300e-02	1.00000000e-04	4.31345169e-03	2.47420000e+01
1615170065.6525133	1.29431600e-02	1.00000000e-04	4.31286671e-03	2.47410000e+01
1615170065.858962	1.29435900e-02	1.00000000e-04	4.31258969e-03	2.47420000e+01
1615170066.0823557	1.29440800e-02	1.00000000e-04	4.31186605e-03	2.47420000e+01
1615170066.2898042	1.29440100e-02	1.00000000e-04	4.31331334e-03	2.47420000e+01
1615170066.4952576	1.29421500e-02	1.00000000e-04	4.31223352e-03	2.47420000e+01
1615170066.7156625	1.29431700e-02	1.00000000e-04	4.31338683e-03	2.47430000e+01
1615170066.922087	1.29442700e-02	1.00000000e-04	4.31310416e-03	2.47420000e+01
1615170067.1434946	1.29447700e-02	1.00000000e-04	4.31209784e-03	2.47420000e+01
1615170067.3659282	1.29418900e-02	1.00000000e-04	4.31284975e-03	2.47420000e+01
1615170067.573368	1.29441000e-02	1.00000000e-04	4.31389564e-03	2.47430000e+01
1615170067.7778265	1.29431800e-02	1.00000000e-04	4.31423485e-03	2.47430000e+01
1615170067.985278	1.29431700e-02	1.00000000e-04	4.31321133e-03	2.47420000e+01
1615170068.1917207	1.29444400e-02	1.00000000e-04	4.31301346e-03	2.47420000e+01
1615170068.3971696	1.29430800e-02	1.00000000e-04	4.31155486e-03	2.47410000e+01
1615170068.6036193	1.29441800e-02	1.00000000e-04	4.31282124e-03	2.47420000e+01
1615170068.811062	1.29436700e-02	1.00000000e-04	4.31184884e-03	2.47420000e+01
1615170069.0175111	1.29437500e-02	1.00000000e-04	4.31145876e-03	2.47410000e+01
1615170069.2239616	1.29424800e-02	1.00000000e-04	4.31293431e-03	2.47410000e+01
1615170069.4453707	1.29445100e-02	1.00000000e-04	4.31189407e-03	2.47410000e+01
1615170069.667776	1.29430900e-02	1.00000000e-04	4.31289473e-03	2.47400000e+01
1615170069.875213	1.29430800e-02	1.00000000e-04	4.31200714e-03	2.47400000e+01
1615170070.0816731	1.29429100e-02	1.00000000e-04	4.31172447e-03	2.47400000e+01
1615170070.3010511	1.29425700e-02	1.00000000e-04	4.31177535e-03	2.47400000e+01
1615170070.5234852	1.29432500e-02	1.00000000e-04	4.31246533e-03	2.47400000e+01
1615170070.7279394	1.29435200e-02	1.00000000e-04	4.31239749e-03	2.47400000e+01
1615170070.9483488	1.29428300e-02	1.00000000e-04	4.31303633e-03	2.47400000e+01
1615170071.170753	1.29444300e-02	1.00000000e-04	4.31214873e-03	2.47400000e+01
1615170071.378202	1.29427600e-02	1.00000000e-04	4.31277061e-03	2.47410000e+01
1615170071.583653	1.29427400e-02	1.00000000e-04	4.31168515e-03	2.47400000e+01
1615170071.790069	1.29425800e-02	1.00000000e-04	4.31137421e-03	2.47390000e+01
1615170071.9955468	1.29424200e-02	1.00000000e-04	4.31219396e-03	2.47400000e+01
1615170072.201002	1.29537700e-02	1.00000000e-04	4.31663758e-03	2.47400000e+01
1615170072.407418	1.29444300e-02	1.00000000e-04	4.31334161e-03	2.47410000e+01
1615170072.6118715	1.29436600e-02	1.00000000e-04	4.31411048e-03	2.47410000e+01
1615170072.8153272	1.29445900e-02	1.00000000e-04	4.31290064e-03	2.47420000e+01
1615170073.021813	1.29435800e-02	1.00000000e-04	4.31276447e-03	2.47420000e+01
1615170073.241219	1.29441800e-02	1.00000000e-04	4.31425133e-03	2.47430000e+01
1615170073.462623	1.29450200e-02	1.00000000e-04	4.31312064e-03	2.47430000e+01
1615170073.6690757	1.29446800e-02	1.00000000e-04	4.31264010e-03	2.47440000e+01
1615170073.8755212	1.29437500e-02	1.00000000e-04	4.31348812e-03	2.47440000e+01
1615170074.0829651	1.29433200e-02	1.00000000e-04	4.31274751e-03	2.47440000e+01
1615170074.3043742	1.29445100e-02	1.00000000e-04	4.31326763e-03	2.47440000e+01
1615170074.525781	1.29453600e-02	1.00000000e-04	4.31376513e-03	2.47440000e+01
1615170074.7491832	1.29442600e-02	1.00000000e-04	4.31308107e-03	2.47430000e+01
1615170074.952641	1.29441000e-02	1.00000000e-04	4.31185426e-03	2.47420000e+01
1615170075.1580627	1.29435000e-02	1.00000000e-04	4.31271924e-03	2.47420000e+01
1615170075.3795052	1.29437600e-02	1.00000000e-04	4.31288319e-03	2.47410000e+01
1615170075.601908	1.29435000e-02	1.00000000e-04	4.31287747e-03	2.47410000e+01
1615170075.8073251	1.29435000e-02	1.00000000e-04	4.31304707e-03	2.47420000e+01
1615170076.0297625	1.29438400e-02	1.00000000e-04	4.31256653e-03	2.47420000e+01
1615170076.252167	1.29445900e-02	1.00000000e-04	4.31270221e-03	2.47420000e+01
1615170076.459613	1.29436800e-02	1.00000000e-04	4.31214817e-03	2.47420000e+01
1615170076.6670272	1.29441000e-02	1.00000000e-04	4.31234039e-03	2.47420000e+01
1615170076.8714793	1.29436700e-02	1.00000000e-04	4.31256087e-03	2.47420000e+01
1615170077.0759337	1.29435900e-02	1.00000000e-04	4.31272483e-03	2.47430000e+01
1615170077.2823818	1.29438500e-02	1.00000000e-04	4.31163936e-03	2.47420000e+01
1615170077.4888284	1.29421500e-02	1.00000000e-04	4.31234039e-03	2.47420000e+01
1615170077.6943092	1.29439300e-02	1.00000000e-04	4.31271352e-03	2.47420000e+01
1615170077.898759	1.29441800e-02	1.00000000e-04	4.31149802e-03	2.47420000e+01
1615170078.1051805	1.29426700e-02	1.00000000e-04	4.31202945e-03	2.47420000e+01
1615170078.3276107	1.29433400e-02	1.00000000e-04	4.31280963e-03	2.47420000e+01
1615170078.549991	1.29442600e-02	1.00000000e-04	4.31247607e-03	2.47410000e+01
1615170078.7713997	1.29435100e-02	1.00000000e-04	4.31284355e-03	2.47410000e+01
1615170078.9788675	1.29423100e-02	1.00000000e-04	4.31193899e-03	2.47400000e+01
1615170079.1843183	1.29438500e-02	1.00000000e-04	4.31183158e-03	2.47400000e+01
1615170079.3907733	1.29434300e-02	1.00000000e-04	4.31261176e-03	2.47400000e+01
1615170079.598224	1.29424800e-02	1.00000000e-04	4.31158848e-03	2.47400000e+01
1615170079.817631	1.29420700e-02	1.00000000e-04	4.31264568e-03	2.47400000e+01
1615170080.0410035	1.29443400e-02	1.00000000e-04	4.31145280e-03	2.47400000e+01
1615170080.2454865	1.29424000e-02	1.00000000e-04	4.31198988e-03	2.47410000e+01
1615170080.4509332	1.29446800e-02	1.00000000e-04	4.31220118e-03	2.47410000e+01
1615170080.656384	1.29436800e-02	1.00000000e-04	4.31185066e-03	2.47420000e+01
1615170080.878792	1.29433400e-02	1.00000000e-04	4.31223510e-03	2.47420000e+01
1615170081.1001716	1.29434200e-02	1.00000000e-04	4.31217291e-03	2.47420000e+01
1615170081.3226085	1.29431800e-02	1.00000000e-04	4.31143231e-03	2.47410000e+01
1615170081.5300226	1.29426700e-02	1.00000000e-04	4.31173759e-03	2.47400000e+01
1615170081.737468	1.29426800e-02	1.00000000e-04	4.31208811e-03	2.47400000e+01
1615170081.9419436	1.29439300e-02	1.00000000e-04	4.31164714e-03	2.47400000e+01
1615170082.147406	1.29432600e-02	1.00000000e-04	4.31183370e-03	2.47400000e+01
1615170082.3538198	1.29427500e-02	1.00000000e-04	4.31161887e-03	2.47400000e+01
1615170082.5592995	1.29419800e-02	1.00000000e-04	4.31209941e-03	2.47400000e+01
1615170082.779709	1.29433400e-02	1.00000000e-04	4.31251212e-03	2.47410000e+01
1615170082.9871533	1.29430100e-02	1.00000000e-04	4.31207681e-03	2.47410000e+01
1615170083.1936064	1.29422300e-02	1.00000000e-04	4.31232556e-03	2.47410000e+01
1615170083.4139845	1.29435000e-02	1.00000000e-04	4.31129098e-03	2.47410000e+01
1615170083.6373873	1.29431700e-02	1.00000000e-04	4.31160757e-03	2.47410000e+01
1615170083.841872	1.29429200e-02	1.00000000e-04	4.31203158e-03	2.47400000e+01
1615170084.0473938	1.29421700e-02	1.00000000e-04	4.31230860e-03	2.47410000e+01
1615170084.2687697	1.29410600e-02	1.00000000e-04	4.31172064e-03	2.47410000e+01
1615170084.4892006	1.29428300e-02	1.00000000e-04	4.31150581e-03	2.47410000e+01
1615170084.6946628	1.29421600e-02	1.00000000e-04	4.31241037e-03	2.47400000e+01
1615170084.916074	1.29423300e-02	1.00000000e-04	4.31093481e-03	2.47400000e+01
1615170085.122488	1.29427500e-02	1.00000000e-04	4.31210508e-03	2.47400000e+01
1615170085.3439198	1.29427500e-02	1.00000000e-04	4.31135317e-03	2.47400000e+01
1615170085.563309	1.29435100e-02	1.00000000e-04	4.31142667e-03	2.47400000e+01
1615170085.7837517	1.29433400e-02	1.00000000e-04	4.31181676e-03	2.47400000e+01
1615170085.9901676	1.29435900e-02	1.00000000e-04	4.31113835e-03	2.47400000e+01
1615170086.197642	1.29445100e-02	1.00000000e-04	4.31098570e-03	2.47410000e+01
1615170086.4040933	1.29438400e-02	1.00000000e-04	4.31199767e-03	2.47410000e+01
1615170086.61054	1.29425700e-02	1.00000000e-04	4.31218424e-03	2.47400000e+01
1615170086.81698	1.29424900e-02	1.00000000e-04	4.31105920e-03	2.47400000e+01
1615170087.0234327	1.29430100e-02	1.00000000e-04	4.31157366e-03	2.47400000e+01
1615170087.2438457	1.29416500e-02	1.00000000e-04	4.31140406e-03	2.47400000e+01
1615170087.4622655	1.29436000e-02	1.00000000e-04	4.31172631e-03	2.47400000e+01
1615170087.6846683	1.29427400e-02	1.00000000e-04	4.31131361e-03	2.47400000e+01
1615170087.904049	1.29432700e-02	1.00000000e-04	4.31257766e-03	2.47390000e+01
1615170088.1114938	1.29419700e-02	1.00000000e-04	4.31136782e-03	2.47390000e+01
1615170088.3159711	1.29435100e-02	1.00000000e-04	4.31110211e-03	2.47400000e+01
1615170088.523423	1.29429300e-02	1.00000000e-04	4.31171268e-03	2.47410000e+01
1615170088.7458217	1.29436800e-02	1.00000000e-04	4.31165614e-03	2.47410000e+01
1615170088.9662087	1.29430900e-02	1.00000000e-04	4.31149785e-03	2.47410000e+01
1615170089.1876462	1.29427500e-02	1.00000000e-04	4.31249286e-03	2.47410000e+01
1615170089.4070592	1.29427500e-02	1.00000000e-04	4.31166180e-03	2.47400000e+01
1615170089.6135015	1.29439300e-02	1.00000000e-04	4.31143001e-03	2.47410000e+01
1615170089.8199568	1.29414700e-02	1.00000000e-04	4.31119821e-03	2.47410000e+01
1615170090.0264034	1.29435100e-02	1.00000000e-04	4.31169572e-03	2.47410000e+01
1615170090.249806	1.29438500e-02	1.00000000e-04	4.31097208e-03	2.47400000e+01
1615170090.4712152	1.29423200e-02	1.00000000e-04	4.31250088e-03	2.47400000e+01
1615170090.6766639	1.29425800e-02	1.00000000e-04	4.31136453e-03	2.47400000e+01
1615170090.8831108	1.29446000e-02	1.00000000e-04	4.31105925e-03	2.47400000e+01
1615170091.0905583	1.29432400e-02	1.00000000e-04	4.31188465e-03	2.47400000e+01
1615170091.2960012	1.29424200e-02	1.00000000e-04	4.31108751e-03	2.47400000e+01
1615170091.5174167	1.29443400e-02	1.00000000e-04	4.31134192e-03	2.47400000e+01
1615170091.7248619	1.29432500e-02	1.00000000e-04	4.31059001e-03	2.47400000e+01
1615170091.9462686	1.29429900e-02	1.00000000e-04	4.31156806e-03	2.47400000e+01
1615170092.1536856	1.29440200e-02	1.00000000e-04	4.31145499e-03	2.47410000e+01
1615170092.360162	1.29438500e-02	1.00000000e-04	4.31142672e-03	2.47410000e+01
1615170092.563618	1.29417300e-02	1.00000000e-04	4.31126842e-03	2.47410000e+01
1615170092.7869911	1.29429100e-02	1.00000000e-04	4.31169809e-03	2.47410000e+01
1615170093.008431	1.29413900e-02	1.00000000e-04	4.31241607e-03	2.47410000e+01
1615170093.2288103	1.29425700e-02	1.00000000e-04	4.31254610e-03	2.47400000e+01
1615170093.450235	1.29425000e-02	1.00000000e-04	4.31163589e-03	2.47400000e+01
