1615151786.2306778	1.29421800e-02	1.00000000e-04	4.30256642e-03	2.49290000e+01
1615151786.4361591	1.29423300e-02	1.00000000e-04	4.30247597e-03	2.49280000e+01
1615151786.6425774	1.29421800e-02	1.00000000e-04	4.30290563e-03	2.49280000e+01
1615151786.848028	1.29423300e-02	1.00000000e-04	4.30243639e-03	2.49290000e+01
1615151787.0534773	1.29429300e-02	1.00000000e-04	4.30253816e-03	2.49290000e+01
1615151787.2738888	1.29430200e-02	1.00000000e-04	4.30204065e-03	2.49290000e+01
1615151787.478372	1.29433500e-02	1.00000000e-04	4.30239117e-03	2.49290000e+01
1615151787.6838205	1.29431000e-02	1.00000000e-04	4.30261165e-03	2.49290000e+01
1615151787.890241	1.29422500e-02	1.00000000e-04	4.30672737e-03	2.49290000e+01
1615151788.0967164	1.29408300e-02	1.00000000e-04	4.30282648e-03	2.49300000e+01
1615151788.3041332	1.29430100e-02	1.00000000e-04	4.30407025e-03	2.49300000e+01
1615151788.510581	1.29420000e-02	1.00000000e-04	4.30233488e-03	2.49300000e+01
1615151788.7330098	1.29436900e-02	1.00000000e-04	4.30401961e-03	2.49300000e+01
1615151788.9544203	1.29430200e-02	1.00000000e-04	4.30206351e-03	2.49300000e+01
1615151789.1618695	1.29425000e-02	1.00000000e-04	4.30230095e-03	2.49300000e+01
1615151789.3692856	1.29434500e-02	1.00000000e-04	4.30226138e-03	2.49300000e+01
1615151789.5757325	1.29423300e-02	1.00000000e-04	4.30254971e-03	2.49300000e+01
1615151789.7822099	1.29433500e-02	1.00000000e-04	4.30204655e-03	2.49310000e+01
1615151789.9896266	1.29428400e-02	1.00000000e-04	4.30317159e-03	2.49300000e+01
1615151790.1961033	1.29434400e-02	1.00000000e-04	4.30390654e-03	2.49310000e+01
1615151790.4015243	1.29426800e-02	1.00000000e-04	4.30226703e-03	2.49310000e+01
1615151790.6059773	1.29429400e-02	1.00000000e-04	4.30258928e-03	2.49310000e+01
1615151790.8124266	1.29436000e-02	1.00000000e-04	4.30357298e-03	2.49310000e+01
1615151791.0198708	1.29419200e-02	1.00000000e-04	4.30240532e-03	2.49300000e+01
1615151791.242276	1.29426800e-02	1.00000000e-04	4.30275584e-03	2.49310000e+01
1615151791.4627175	1.29423300e-02	1.00000000e-04	4.30320246e-03	2.49310000e+01
1615151791.670132	1.29422600e-02	1.00000000e-04	4.30346252e-03	2.49300000e+01
1615151791.8915408	1.29410700e-02	1.00000000e-04	4.30208308e-03	2.49300000e+01
1615151792.097019	1.29434400e-02	1.00000000e-04	4.30282368e-03	2.49300000e+01
1615151792.3144097	1.29430100e-02	1.00000000e-04	4.30271626e-03	2.49290000e+01
1615151792.5208566	1.29431900e-02	1.00000000e-04	4.30228660e-03	2.49290000e+01
1615151792.7263074	1.29437000e-02	1.00000000e-04	4.30324769e-03	2.49290000e+01
1615151792.9487123	1.29416600e-02	1.00000000e-04	4.30330423e-03	2.49290000e+01
1615151793.1551867	1.29442800e-02	1.00000000e-04	4.30324204e-03	2.49290000e+01
1615151793.3616085	1.29442800e-02	1.00000000e-04	4.30323638e-03	2.49300000e+01
1615151793.56808	1.29437700e-02	1.00000000e-04	4.30250143e-03	2.49300000e+01
1615151793.7735398	1.29423400e-02	1.00000000e-04	4.30264277e-03	2.49300000e+01
1615151793.9789577	1.29425100e-02	1.00000000e-04	4.30286891e-03	2.49300000e+01
1615151794.1844318	1.29426800e-02	1.00000000e-04	4.30298198e-03	2.49300000e+01
1615151794.4058442	1.29422600e-02	1.00000000e-04	4.30229225e-03	2.49300000e+01
1615151794.6132612	1.29429300e-02	1.00000000e-04	4.30335511e-03	2.49300000e+01
1615151794.8197098	1.29437700e-02	1.00000000e-04	4.30358690e-03	2.49300000e+01
1615151795.0241635	1.29427600e-02	1.00000000e-04	4.30344556e-03	2.49300000e+01
1615151795.2306416	1.29430100e-02	1.00000000e-04	4.30329857e-03	2.49300000e+01
1615151795.4520195	1.29442000e-02	1.00000000e-04	4.30306113e-03	2.49300000e+01
1615151795.6724298	1.29421700e-02	1.00000000e-04	4.30312331e-03	2.49300000e+01
1615151795.8918667	1.29425800e-02	1.00000000e-04	4.30386392e-03	2.49300000e+01
1615151796.1142473	1.29429300e-02	1.00000000e-04	4.30269068e-03	2.49290000e+01
1615151796.3366525	1.29416500e-02	1.00000000e-04	4.30284897e-03	2.49300000e+01
1615151796.5401387	1.29427500e-02	1.00000000e-04	4.30256065e-03	2.49300000e+01
1615151796.7455604	1.29424300e-02	1.00000000e-04	4.30273590e-03	2.49290000e+01
1615151796.9520464	1.29428400e-02	1.00000000e-04	4.30327864e-03	2.49290000e+01
1615151797.1704545	1.29425900e-02	1.00000000e-04	4.30296770e-03	2.49290000e+01
1615151797.3898675	1.29435900e-02	1.00000000e-04	4.30406447e-03	2.49300000e+01
1615151797.5943196	1.29415700e-02	1.00000000e-04	4.30295639e-03	2.49300000e+01
1615151797.8007386	1.29435200e-02	1.00000000e-04	4.30382702e-03	2.49300000e+01
1615151798.0241642	1.29433500e-02	1.00000000e-04	4.30260022e-03	2.49310000e+01
1615151798.2445521	1.29433500e-02	1.00000000e-04	4.30304684e-03	2.49300000e+01
1615151798.4490361	1.29428500e-02	1.00000000e-04	4.30274156e-03	2.49300000e+01
1615151798.653458	1.29428500e-02	1.00000000e-04	4.30339985e-03	2.49300000e+01
1615151798.8758922	1.29434400e-02	1.00000000e-04	4.30331504e-03	2.49300000e+01
1615151799.096273	1.29435200e-02	1.00000000e-04	4.30287407e-03	2.49300000e+01
1615151799.3007548	1.29432600e-02	1.00000000e-04	4.30356945e-03	2.49310000e+01
1615151799.5051808	1.29417400e-02	1.00000000e-04	4.30303237e-03	2.49310000e+01
1615151799.7256205	1.29414900e-02	1.00000000e-04	4.30337723e-03	2.49300000e+01
1615151799.948024	1.29426800e-02	1.00000000e-04	4.30336593e-03	2.49310000e+01
1615151800.1514757	1.29435100e-02	1.00000000e-04	4.30326416e-03	2.49300000e+01
1615151800.3569024	1.29430100e-02	1.00000000e-04	4.30345073e-03	2.49300000e+01
1615151800.5623524	1.29422700e-02	1.00000000e-04	4.30353553e-03	2.49300000e+01
1615151800.7697988	1.29436200e-02	1.00000000e-04	4.30311717e-03	2.49290000e+01
1615151800.993229	1.29426900e-02	1.00000000e-04	4.30189037e-03	2.49300000e+01
1615151801.2146323	1.29429300e-02	1.00000000e-04	4.30284813e-03	2.49300000e+01
1615151801.421056	1.29428500e-02	1.00000000e-04	4.30246370e-03	2.49300000e+01
1615151801.6444874	1.29440200e-02	1.00000000e-04	4.30311950e-03	2.49300000e+01
1615151801.851905	1.29430000e-02	1.00000000e-04	4.30333999e-03	2.49300000e+01
1615151802.0733118	1.29431000e-02	1.00000000e-04	4.30337391e-03	2.49300000e+01
1615151802.2947206	1.29420800e-02	1.00000000e-04	4.30393360e-03	2.49300000e+01
1615151802.5002017	1.29425100e-02	1.00000000e-04	4.30402971e-03	2.49300000e+01
1615151802.721611	1.29418300e-02	1.00000000e-04	4.30390533e-03	2.49300000e+01
1615151802.9449806	1.29427700e-02	1.00000000e-04	4.30279725e-03	2.49290000e+01
1615151803.1664221	1.29417500e-02	1.00000000e-04	4.30206796e-03	2.49290000e+01
1615151803.386799	1.29434500e-02	1.00000000e-04	4.30282552e-03	2.49280000e+01
1615151803.6082382	1.29421000e-02	1.00000000e-04	4.30314213e-03	2.49280000e+01
1615151803.8296437	1.29431900e-02	1.00000000e-04	4.30163265e-03	2.49280000e+01
1615151804.0520215	1.29420000e-02	1.00000000e-04	4.30306863e-03	2.49280000e+01
1615151804.270436	1.29419100e-02	1.00000000e-04	4.30280857e-03	2.49290000e+01
1615151804.4918766	1.29422500e-02	1.00000000e-04	4.30322693e-03	2.49290000e+01
1615151804.6973233	1.29428600e-02	1.00000000e-04	4.30242979e-03	2.49290000e+01
1615151804.9027739	1.29425900e-02	1.00000000e-04	4.30291033e-03	2.49280000e+01
1615151805.1091943	1.29436800e-02	1.00000000e-04	4.30452157e-03	2.49290000e+01
1615151805.3146741	1.29428400e-02	1.00000000e-04	4.30358875e-03	2.49290000e+01
1615151805.5191274	1.29423400e-02	1.00000000e-04	4.30224888e-03	2.49290000e+01
1615151805.7265434	1.29435200e-02	1.00000000e-04	4.30315909e-03	2.49290000e+01
1615151805.948976	1.29444500e-02	1.00000000e-04	4.30259374e-03	2.49290000e+01
1615151806.1713548	1.29425000e-02	1.00000000e-04	4.30328863e-03	2.49290000e+01
1615151806.3778007	1.29418200e-02	1.00000000e-04	4.30296638e-03	2.49290000e+01
1615151806.5842485	1.29427500e-02	1.00000000e-04	4.30260456e-03	2.49290000e+01
1615151806.7887034	1.29425900e-02	1.00000000e-04	4.30331124e-03	2.49300000e+01
1615151806.99515	1.29409900e-02	1.00000000e-04	4.30420449e-03	2.49300000e+01
1615151807.2165582	1.29432600e-02	1.00000000e-04	4.30334516e-03	2.49300000e+01
1615151807.4370055	1.29422500e-02	1.00000000e-04	4.30274024e-03	2.49300000e+01
1615151807.6564078	1.29428400e-02	1.00000000e-04	4.30264979e-03	2.49310000e+01
1615151807.8628583	1.29424200e-02	1.00000000e-04	4.30274590e-03	2.49310000e+01
1615151808.069316	1.29426700e-02	1.00000000e-04	4.30388790e-03	2.49320000e+01
1615151808.2727334	1.29426700e-02	1.00000000e-04	4.30222578e-03	2.49320000e+01
1615151808.4782078	1.29418300e-02	1.00000000e-04	4.30341084e-03	2.49320000e+01
1615151808.6985955	1.29429300e-02	1.00000000e-04	4.30315078e-03	2.49320000e+01
1615151808.9020798	1.29430100e-02	1.00000000e-04	4.30358609e-03	2.49310000e+01
1615151809.1075296	1.29437700e-02	1.00000000e-04	4.30394226e-03	2.49310000e+01
1615151809.32891	1.29431000e-02	1.00000000e-04	4.30267023e-03	2.49310000e+01
1615151809.5343857	1.29424300e-02	1.00000000e-04	4.30283984e-03	2.49310000e+01
1615151809.7558053	1.29428400e-02	1.00000000e-04	4.30324688e-03	2.49310000e+01
1615151809.9622467	1.29431000e-02	1.00000000e-04	4.30354652e-03	2.49310000e+01
1615151810.1836536	1.29423500e-02	1.00000000e-04	4.30328081e-03	2.49310000e+01
1615151810.4050322	1.29426700e-02	1.00000000e-04	4.30395922e-03	2.49310000e+01
1615151810.611479	1.29426800e-02	1.00000000e-04	4.30259674e-03	2.49300000e+01
1615151810.8159359	1.29420800e-02	1.00000000e-04	4.30292464e-03	2.49300000e+01
1615151811.020387	1.29431000e-02	1.00000000e-04	4.30295290e-03	2.49300000e+01
1615151811.226866	1.29426000e-02	1.00000000e-04	4.30322992e-03	2.49300000e+01
1615151811.4333115	1.29429400e-02	1.00000000e-04	4.30342214e-03	2.49300000e+01
1615151811.6407268	1.29424300e-02	1.00000000e-04	4.30287376e-03	2.49300000e+01
1615151811.8451798	1.29419200e-02	1.00000000e-04	4.30294160e-03	2.49300000e+01
1615151812.0675864	1.29425900e-02	1.00000000e-04	4.30334299e-03	2.49300000e+01
1615151812.2900193	1.29415700e-02	1.00000000e-04	4.30289637e-03	2.49300000e+01
1615151812.5104315	1.29417500e-02	1.00000000e-04	4.30298117e-03	2.49290000e+01
1615151812.7168503	1.29425000e-02	1.00000000e-04	4.30239321e-03	2.49290000e+01
1615151812.9353025	1.29430200e-02	1.00000000e-04	4.30328646e-03	2.49300000e+01
1615151813.1417131	1.29414900e-02	1.00000000e-04	4.30242713e-03	2.49300000e+01
1615151813.3611498	1.29414300e-02	1.00000000e-04	4.30316208e-03	2.49300000e+01
1615151813.5686026	1.29428600e-02	1.00000000e-04	4.30394902e-03	2.49300000e+01
1615151813.7740235	1.29425900e-02	1.00000000e-04	4.30254131e-03	2.49300000e+01
1615151813.98047	1.29424300e-02	1.00000000e-04	4.30311231e-03	2.49300000e+01
1615151814.1869416	1.29407400e-02	1.00000000e-04	4.30268265e-03	2.49300000e+01
1615151814.3943915	1.29417400e-02	1.00000000e-04	4.30224733e-03	2.49300000e+01
1615151814.600811	1.29435100e-02	1.00000000e-04	4.30288052e-03	2.49290000e+01
1615151814.8082573	1.29421700e-02	1.00000000e-04	4.30306708e-03	2.49290000e+01
1615151815.0296938	1.29427600e-02	1.00000000e-04	4.30273918e-03	2.49290000e+01
1615151815.252096	1.29416600e-02	1.00000000e-04	4.30305012e-03	2.49290000e+01
1615151815.4585185	1.29424200e-02	1.00000000e-04	4.30255827e-03	2.49290000e+01
1615151815.678928	1.29428300e-02	1.00000000e-04	4.30357024e-03	2.49300000e+01
1615151815.8863742	1.29430100e-02	1.00000000e-04	4.30236040e-03	2.49300000e+01
1615151816.1078098	1.29425900e-02	1.00000000e-04	4.30346848e-03	2.49300000e+01
1615151816.3142593	1.29428500e-02	1.00000000e-04	4.30269961e-03	2.49290000e+01
1615151816.5366342	1.29423300e-02	1.00000000e-04	4.30371158e-03	2.49290000e+01
1615151816.7590406	1.29429200e-02	1.00000000e-04	4.30279572e-03	2.49290000e+01
1615151816.9655175	1.29428300e-02	1.00000000e-04	4.30361547e-03	2.49300000e+01
1615151817.1689444	1.29425100e-02	1.00000000e-04	4.30285791e-03	2.49300000e+01
1615151817.3734205	1.29420100e-02	1.00000000e-04	4.30256393e-03	2.49310000e+01
1615151817.592811	1.29416600e-02	1.00000000e-04	4.30301620e-03	2.49310000e+01
1615151817.7982848	1.29425900e-02	1.00000000e-04	4.30344587e-03	2.49310000e+01
1615151818.0047095	1.29431000e-02	1.00000000e-04	4.30312362e-03	2.49310000e+01
1615151818.2241528	1.29419100e-02	1.00000000e-04	4.30368331e-03	2.49300000e+01
1615151818.4465268	1.29425100e-02	1.00000000e-04	4.30234635e-03	2.49300000e+01
1615151818.6519775	1.29432700e-02	1.00000000e-04	4.30355054e-03	2.49290000e+01
1615151818.8564317	1.29427500e-02	1.00000000e-04	4.30239723e-03	2.49290000e+01
1615151819.078837	1.29435100e-02	1.00000000e-04	4.30318306e-03	2.49290000e+01
1615151819.300245	1.29429300e-02	1.00000000e-04	4.30298519e-03	2.49290000e+01
1615151819.5047235	1.29429400e-02	1.00000000e-04	4.30279297e-03	2.49280000e+01
1615151819.7251086	1.29428400e-02	1.00000000e-04	4.30246507e-03	2.49280000e+01
1615151819.9315567	1.29412300e-02	1.00000000e-04	4.30239723e-03	2.49280000e+01
1615151820.154958	1.29425900e-02	1.00000000e-04	4.30296823e-03	2.49290000e+01
1615151820.3614073	1.29429200e-02	1.00000000e-04	4.30248203e-03	2.49290000e+01
1615151820.5658593	1.29430100e-02	1.00000000e-04	4.30368622e-03	2.49300000e+01
1615151820.7733374	1.29425100e-02	1.00000000e-04	4.30257249e-03	2.49290000e+01
1615151820.9787717	1.29424300e-02	1.00000000e-04	4.30264574e-03	2.49290000e+01
1615151821.1832385	1.29415000e-02	1.00000000e-04	4.30247614e-03	2.49290000e+01
1615151821.4036481	1.29424400e-02	1.00000000e-04	4.30323370e-03	2.49290000e+01
1615151821.6240296	1.29422500e-02	1.00000000e-04	4.30338069e-03	2.49280000e+01
1615151821.8295124	1.29419200e-02	1.00000000e-04	4.30300756e-03	2.49290000e+01
1615151822.034932	1.29415000e-02	1.00000000e-04	4.30161681e-03	2.49300000e+01
1615151822.2563398	1.29422500e-02	1.00000000e-04	4.30257225e-03	2.49300000e+01
1615151822.478744	1.29422600e-02	1.00000000e-04	4.30273620e-03	2.49300000e+01
1615151822.700153	1.29427500e-02	1.00000000e-04	4.30364640e-03	2.49300000e+01
1615151822.9065998	1.29432800e-02	1.00000000e-04	4.30298495e-03	2.49300000e+01
1615151823.1280093	1.29426000e-02	1.00000000e-04	4.30319978e-03	2.49300000e+01
1615151823.334487	1.29425100e-02	1.00000000e-04	4.30209736e-03	2.49300000e+01
1615151823.556891	1.29422500e-02	1.00000000e-04	4.30314612e-03	2.49300000e+01
1615151823.7782686	1.29437000e-02	1.00000000e-04	4.30366059e-03	2.49300000e+01
1615151823.9857142	1.29426800e-02	1.00000000e-04	4.30431639e-03	2.49310000e+01
1615151824.191165	1.29421800e-02	1.00000000e-04	4.30327615e-03	2.49300000e+01
1615151824.3976138	1.29426700e-02	1.00000000e-04	4.30286910e-03	2.49300000e+01
1615151824.620019	1.29429200e-02	1.00000000e-04	4.30236595e-03	2.49290000e+01
1615151824.825497	1.29435300e-02	1.00000000e-04	4.30294825e-03	2.49290000e+01
1615151825.0299227	1.29420800e-02	1.00000000e-04	4.30247902e-03	2.49290000e+01
1615151825.2363696	1.29448700e-02	1.00000000e-04	4.30344576e-03	2.49290000e+01
1615151825.4408228	1.29439300e-02	1.00000000e-04	4.30272211e-03	2.49300000e+01
1615151825.6622605	1.29425000e-02	1.00000000e-04	4.30219069e-03	2.49300000e+01
1615151825.8826425	1.29430000e-02	1.00000000e-04	4.30349664e-03	2.49300000e+01
1615151826.0880933	1.29437000e-02	1.00000000e-04	4.30368320e-03	2.49290000e+01
1615151826.3095	1.29412300e-02	1.00000000e-04	4.30336096e-03	2.49300000e+01
1615151826.5149517	1.29415800e-02	1.00000000e-04	4.30225288e-03	2.49300000e+01
1615151826.7363846	1.29422600e-02	1.00000000e-04	4.30325919e-03	2.49300000e+01
1615151826.9587984	1.29420900e-02	1.00000000e-04	4.30377366e-03	2.49290000e+01
1615151827.1632488	1.29431900e-02	1.00000000e-04	4.30334399e-03	2.49290000e+01
1615151827.3686674	1.29424200e-02	1.00000000e-04	4.30309524e-03	2.49290000e+01
1615151827.5731208	1.29418100e-02	1.00000000e-04	4.30322527e-03	2.49290000e+01
1615151827.7915382	1.29415700e-02	1.00000000e-04	4.30303871e-03	2.49290000e+01
1615151827.9980147	1.29419100e-02	1.00000000e-04	4.30246206e-03	2.49290000e+01
1615151828.2024379	1.29441100e-02	1.00000000e-04	4.30298217e-03	2.49290000e+01
1615151828.421887	1.29420800e-02	1.00000000e-04	4.30251245e-03	2.49300000e+01
1615151828.6292975	1.29423300e-02	1.00000000e-04	4.30294777e-03	2.49300000e+01
1615151828.8337495	1.29422600e-02	1.00000000e-04	4.30334351e-03	2.49300000e+01
1615151829.0412195	1.29423300e-02	1.00000000e-04	4.30304387e-03	2.49290000e+01
