1615133141.2325938	1.29436500e-02	1.00000000e-04	4.30117266e-03	2.49680000e+01
1615133141.4390645	1.29425500e-02	1.00000000e-04	4.30090695e-03	2.49680000e+01
1615133141.6444917	1.29422200e-02	1.00000000e-04	4.30059601e-03	2.49680000e+01
1615133141.8659275	1.29441500e-02	1.00000000e-04	4.30052816e-03	2.49680000e+01
1615133142.0873406	1.29434800e-02	1.00000000e-04	4.30098044e-03	2.49680000e+01
1615133142.2927835	1.29439000e-02	1.00000000e-04	4.30128573e-03	2.49680000e+01
1615133142.4992337	1.29448200e-02	1.00000000e-04	4.30061297e-03	2.49690000e+01
1615133142.7196174	1.29436500e-02	1.00000000e-04	4.30065205e-03	2.49690000e+01
1615133142.9250908	1.29435700e-02	1.00000000e-04	4.30031850e-03	2.49700000e+01
1615133143.132543	1.29422900e-02	1.00000000e-04	4.30105345e-03	2.49690000e+01
1615133143.3389928	1.29428100e-02	1.00000000e-04	4.30055029e-03	2.49690000e+01
1615133143.546429	1.29441400e-02	1.00000000e-04	4.30118348e-03	2.49690000e+01
1615133143.7518847	1.29430600e-02	1.00000000e-04	4.30037503e-03	2.49680000e+01
1615133143.9593034	1.29429800e-02	1.00000000e-04	4.30153965e-03	2.49680000e+01
1615133144.1647754	1.29425500e-02	1.00000000e-04	4.30152834e-03	2.49690000e+01
1615133144.3712287	1.29425500e-02	1.00000000e-04	4.30122305e-03	2.49680000e+01
1615133144.5916257	1.29433000e-02	1.00000000e-04	4.30109302e-03	2.49690000e+01
1615133144.8110518	1.29441500e-02	1.00000000e-04	4.30029023e-03	2.49690000e+01
1615133145.016507	1.29434000e-02	1.00000000e-04	4.30126263e-03	2.49680000e+01
1615133145.2389028	1.29428800e-02	1.00000000e-04	4.30082853e-03	2.49680000e+01
1615133145.4443567	1.29431500e-02	1.00000000e-04	4.30159175e-03	2.49680000e+01
1615133145.6657615	1.29430500e-02	1.00000000e-04	4.30016708e-03	2.49680000e+01
1615133145.8711894	1.29434000e-02	1.00000000e-04	4.29977699e-03	2.49680000e+01
1615133146.0786335	1.29433200e-02	1.00000000e-04	4.30139388e-03	2.49680000e+01
1615133146.2841077	1.29442400e-02	1.00000000e-04	4.29994659e-03	2.49680000e+01
1615133146.4895358	1.29436500e-02	1.00000000e-04	4.30047236e-03	2.49680000e+01
1615133146.7089493	1.29427100e-02	1.00000000e-04	4.30093029e-03	2.49680000e+01
1615133146.9153955	1.29436600e-02	1.00000000e-04	4.30060805e-03	2.49680000e+01
1615133147.137802	1.29423000e-02	1.00000000e-04	4.30039321e-03	2.49680000e+01
1615133147.34425	1.29432300e-02	1.00000000e-04	4.30149564e-03	2.49690000e+01
1615133147.5507317	1.29437200e-02	1.00000000e-04	4.30138172e-03	2.49690000e+01
1615133147.7721372	1.29426400e-02	1.00000000e-04	4.30065243e-03	2.49680000e+01
1615133147.9945111	1.29430500e-02	1.00000000e-04	4.30087856e-03	2.49670000e+01
1615133148.199989	1.29419600e-02	1.00000000e-04	4.30173789e-03	2.49660000e+01
1615133148.4213686	1.29435700e-02	1.00000000e-04	4.30065808e-03	2.49660000e+01
1615133148.628815	1.29418800e-02	1.00000000e-04	4.30042063e-03	2.49660000e+01
1615133148.8492255	1.29434000e-02	1.00000000e-04	4.30095771e-03	2.49670000e+01
1615133149.0676692	1.29434000e-02	1.00000000e-04	4.30124604e-03	2.49680000e+01
1615133149.2900455	1.29438100e-02	1.00000000e-04	4.30154567e-03	2.49680000e+01
1615133149.4965236	1.29433000e-02	1.00000000e-04	4.30149479e-03	2.49680000e+01
1615133149.7029424	1.29433900e-02	1.00000000e-04	4.30061851e-03	2.49670000e+01
1615133149.9103887	1.29439900e-02	1.00000000e-04	4.30065808e-03	2.49680000e+01
1615133150.1158662	1.29423000e-02	1.00000000e-04	4.30117539e-03	2.49680000e+01
1615133150.3372738	1.29435600e-02	1.00000000e-04	4.30074008e-03	2.49680000e+01
1615133150.542698	1.29437400e-02	1.00000000e-04	4.30160506e-03	2.49680000e+01
1615133150.747149	1.29429800e-02	1.00000000e-04	4.30136196e-03	2.49680000e+01
1615133150.9526277	1.29443300e-02	1.00000000e-04	4.30029911e-03	2.49680000e+01
1615133151.1590717	1.29421300e-02	1.00000000e-04	4.30085880e-03	2.49680000e+01
1615133151.3655243	1.29440600e-02	1.00000000e-04	4.29999382e-03	2.49680000e+01
1615133151.5859299	1.29434000e-02	1.00000000e-04	4.30123193e-03	2.49680000e+01
1615133151.7913578	1.29426200e-02	1.00000000e-04	4.30118670e-03	2.49680000e+01
1615133152.0137618	1.29451600e-02	1.00000000e-04	4.30108494e-03	2.49690000e+01
1615133152.2341962	1.29433200e-02	1.00000000e-04	4.30071746e-03	2.49690000e+01
1615133152.4386542	1.29440700e-02	1.00000000e-04	4.30161636e-03	2.49690000e+01
1615133152.6451097	1.29419600e-02	1.00000000e-04	4.30051330e-03	2.49680000e+01
1615133152.8515215	1.29433100e-02	1.00000000e-04	4.30066029e-03	2.49690000e+01
1615133153.0589998	1.29436500e-02	1.00000000e-04	4.30073943e-03	2.49690000e+01
1615133153.2644506	1.29425400e-02	1.00000000e-04	4.30151961e-03	2.49690000e+01
1615133153.470898	1.29438200e-02	1.00000000e-04	4.30124259e-03	2.49690000e+01
1615133153.677344	1.29432200e-02	1.00000000e-04	4.30250897e-03	2.49680000e+01
1615133153.8847876	1.29441600e-02	1.00000000e-04	4.30080162e-03	2.49680000e+01
1615133154.1071637	1.29430600e-02	1.00000000e-04	4.30027020e-03	2.49680000e+01
1615133154.3146088	1.29423100e-02	1.00000000e-04	4.30133870e-03	2.49680000e+01
1615133154.537043	1.29429800e-02	1.00000000e-04	4.30103341e-03	2.49680000e+01
1615133154.7574532	1.29435600e-02	1.00000000e-04	4.30097688e-03	2.49670000e+01
1615133154.9638739	1.29443300e-02	1.00000000e-04	4.30114648e-03	2.49670000e+01
1615133155.1713188	1.29443100e-02	1.00000000e-04	4.30149999e-03	2.49670000e+01
1615133155.3768115	1.29445800e-02	1.00000000e-04	4.30170917e-03	2.49680000e+01
1615133155.5971792	1.29434800e-02	1.00000000e-04	4.30125124e-03	2.49670000e+01
1615133155.8046248	1.29436500e-02	1.00000000e-04	4.30083854e-03	2.49670000e+01
1615133156.0110729	1.29427300e-02	1.00000000e-04	4.30051064e-03	2.49680000e+01
1615133156.218541	1.29433200e-02	1.00000000e-04	4.30161306e-03	2.49680000e+01
1615133156.4389567	1.29428900e-02	1.00000000e-04	4.30093465e-03	2.49680000e+01
1615133156.6454072	1.29451600e-02	1.00000000e-04	4.30143781e-03	2.49690000e+01
1615133156.8647892	1.29433100e-02	1.00000000e-04	4.30174875e-03	2.49700000e+01
1615133157.0692756	1.29428800e-02	1.00000000e-04	4.30097422e-03	2.49690000e+01
1615133157.2757206	1.29439000e-02	1.00000000e-04	4.30050499e-03	2.49690000e+01
1615133157.4831686	1.29438900e-02	1.00000000e-04	4.30157349e-03	2.49690000e+01
1615133157.6896136	1.29436300e-02	1.00000000e-04	4.30073137e-03	2.49690000e+01
1615133157.9109917	1.29432200e-02	1.00000000e-04	4.30121756e-03	2.49700000e+01
1615133158.1314306	1.29427200e-02	1.00000000e-04	4.30096881e-03	2.49700000e+01
1615133158.3388486	1.29435600e-02	1.00000000e-04	4.30137586e-03	2.49700000e+01
1615133158.5453253	1.29440700e-02	1.00000000e-04	4.30100273e-03	2.49700000e+01
1615133158.7517757	1.29438100e-02	1.00000000e-04	4.30057872e-03	2.49690000e+01
1615133158.9591885	1.29437300e-02	1.00000000e-04	4.30077094e-03	2.49690000e+01
1615133159.182592	1.29455800e-02	1.00000000e-04	4.30089532e-03	2.49690000e+01
1615133159.406023	1.29433100e-02	1.00000000e-04	4.30079356e-03	2.49680000e+01
1615133159.6114442	1.29437300e-02	1.00000000e-04	4.30059568e-03	2.49690000e+01
1615133159.816896	1.29444000e-02	1.00000000e-04	4.30138717e-03	2.49690000e+01
1615133160.0223458	1.29438900e-02	1.00000000e-04	4.30145562e-03	2.49690000e+01
1615133160.2437828	1.29434700e-02	1.00000000e-04	4.30097507e-03	2.49690000e+01
1615133160.4651978	1.29441500e-02	1.00000000e-04	4.30104857e-03	2.49690000e+01
1615133160.6716094	1.29439100e-02	1.00000000e-04	4.29996310e-03	2.49690000e+01
1615133160.8930464	1.29444000e-02	1.00000000e-04	4.30073763e-03	2.49690000e+01
1615133161.098492	1.29442300e-02	1.00000000e-04	4.30087331e-03	2.49680000e+01
1615133161.3199046	1.29442400e-02	1.00000000e-04	4.30141039e-03	2.49670000e+01
1615133161.5413096	1.29439100e-02	1.00000000e-04	4.30095811e-03	2.49670000e+01
1615133161.7457652	1.29439900e-02	1.00000000e-04	4.30034188e-03	2.49670000e+01
1615133161.9671457	1.29429700e-02	1.00000000e-04	4.30060760e-03	2.49670000e+01
1615133162.189574	1.29440800e-02	1.00000000e-04	4.30021751e-03	2.49670000e+01
1615133162.395998	1.29435700e-02	1.00000000e-04	4.30069240e-03	2.49670000e+01
1615133162.6014485	1.29435500e-02	1.00000000e-04	4.30163014e-03	2.49670000e+01
1615133162.8069003	1.29417900e-02	1.00000000e-04	4.30049380e-03	2.49680000e+01
1615133163.028308	1.29451600e-02	1.00000000e-04	4.30133616e-03	2.49690000e+01
1615133163.2337587	1.29444200e-02	1.00000000e-04	4.30085562e-03	2.49690000e+01
1615133163.441232	1.29465100e-02	1.00000000e-04	4.30143227e-03	2.49680000e+01
1615133163.6486483	1.29439100e-02	1.00000000e-04	4.30025635e-03	2.49680000e+01
1615133163.8531013	1.29435600e-02	1.00000000e-04	4.30156230e-03	2.49680000e+01
1615133164.0575557	1.29431300e-02	1.00000000e-04	4.30074255e-03	2.49680000e+01
1615133164.2640035	1.29435700e-02	1.00000000e-04	4.30066340e-03	2.49680000e+01
1615133164.4714477	1.29433100e-02	1.00000000e-04	4.30160753e-03	2.49680000e+01
1615133164.6769345	1.29442400e-02	1.00000000e-04	4.30086692e-03	2.49670000e+01
1615133164.8993037	1.29430500e-02	1.00000000e-04	4.30061252e-03	2.49670000e+01
1615133165.1037893	1.29433800e-02	1.00000000e-04	4.29935404e-03	2.49670000e+01
1615133165.3112326	1.29435600e-02	1.00000000e-04	4.30053562e-03	2.49670000e+01
1615133165.5186486	1.29441500e-02	1.00000000e-04	4.30046212e-03	2.49680000e+01
1615133165.7250955	1.29430600e-02	1.00000000e-04	4.30176242e-03	2.49670000e+01
1615133165.9325643	1.29443200e-02	1.00000000e-04	4.30198290e-03	2.49680000e+01
1615133166.1389883	1.29427100e-02	1.00000000e-04	4.30157585e-03	2.49680000e+01
1615133166.3444674	1.29433200e-02	1.00000000e-04	4.30095397e-03	2.49690000e+01
1615133166.5509202	1.29436400e-02	1.00000000e-04	4.29972152e-03	2.49690000e+01
1615133166.7583327	1.29436400e-02	1.00000000e-04	4.30184722e-03	2.49690000e+01
1615133166.9628117	1.29436500e-02	1.00000000e-04	4.30043385e-03	2.49690000e+01
1615133167.1851907	1.29437300e-02	1.00000000e-04	4.30149670e-03	2.49680000e+01
1615133167.3916385	1.29435600e-02	1.00000000e-04	4.30217512e-03	2.49690000e+01
1615133167.6140754	1.29427200e-02	1.00000000e-04	4.30086277e-03	2.49680000e+01
1615133167.819523	1.29437400e-02	1.00000000e-04	4.30216307e-03	2.49680000e+01
1615133168.041929	1.29433000e-02	1.00000000e-04	4.30129244e-03	2.49680000e+01
1615133168.261313	1.29417000e-02	1.00000000e-04	4.30085147e-03	2.49690000e+01
1615133168.482721	1.29434000e-02	1.00000000e-04	4.30156380e-03	2.49690000e+01
1615133168.6881726	1.29425500e-02	1.00000000e-04	4.30219134e-03	2.49680000e+01
1615133168.893622	1.29453200e-02	1.00000000e-04	4.30032004e-03	2.49680000e+01
1615133169.1010683	1.29431400e-02	1.00000000e-04	4.30085712e-03	2.49670000e+01
1615133169.306547	1.29440000e-02	1.00000000e-04	4.30103238e-03	2.49680000e+01
1615133169.512966	1.29427300e-02	1.00000000e-04	4.30150161e-03	2.49670000e+01
1615133169.7194378	1.29434700e-02	1.00000000e-04	4.30119067e-03	2.49680000e+01
1615133169.9238975	1.29426300e-02	1.00000000e-04	4.30205000e-03	2.49680000e+01
1615133170.1443167	1.29435700e-02	1.00000000e-04	4.30110479e-03	2.49680000e+01
1615133170.3497283	1.29439000e-02	1.00000000e-04	4.30093519e-03	2.49680000e+01
1615133170.556209	1.29443900e-02	1.00000000e-04	4.30118959e-03	2.49680000e+01
1615133170.763654	1.29436500e-02	1.00000000e-04	4.30103130e-03	2.49670000e+01
1615133170.9680746	1.29431400e-02	1.00000000e-04	4.30043203e-03	2.49680000e+01
1615133171.1735263	1.29427100e-02	1.00000000e-04	4.30001367e-03	2.49680000e+01
1615133171.3800042	1.29441600e-02	1.00000000e-04	4.30066382e-03	2.49680000e+01
1615133171.6014156	1.29440700e-02	1.00000000e-04	4.30052814e-03	2.49680000e+01
1615133171.8217914	1.29432300e-02	1.00000000e-04	4.30070905e-03	2.49670000e+01
1615133172.0441978	1.29425500e-02	1.00000000e-04	4.30150053e-03	2.49680000e+01
1615133172.2486737	1.29439900e-02	1.00000000e-04	4.30174363e-03	2.49680000e+01
1615133172.470058	1.29435600e-02	1.00000000e-04	4.30081646e-03	2.49680000e+01
1615133172.6755085	1.29434800e-02	1.00000000e-04	4.30074577e-03	2.49680000e+01
1615133172.8989112	1.29437400e-02	1.00000000e-04	4.30029350e-03	2.49680000e+01
1615133173.104363	1.29436400e-02	1.00000000e-04	4.30077404e-03	2.49690000e+01
1615133173.311807	1.29443200e-02	1.00000000e-04	4.30099453e-03	2.49690000e+01
1615133173.5192542	1.29433200e-02	1.00000000e-04	4.30119805e-03	2.49690000e+01
1615133173.7237067	1.29440600e-02	1.00000000e-04	4.30054225e-03	2.49690000e+01
1615133173.947108	1.29442400e-02	1.00000000e-04	4.30127720e-03	2.49690000e+01
1615133174.1515615	1.29440700e-02	1.00000000e-04	4.30075708e-03	2.49690000e+01
1615133174.3570356	1.29437300e-02	1.00000000e-04	4.30103410e-03	2.49680000e+01
1615133174.5644813	1.29433000e-02	1.00000000e-04	4.30116978e-03	2.49690000e+01
1615133174.782874	1.29434700e-02	1.00000000e-04	4.30077404e-03	2.49680000e+01
1615133175.0052783	1.29442400e-02	1.00000000e-04	4.30071751e-03	2.49680000e+01
1615133175.2117274	1.29433100e-02	1.00000000e-04	4.30056613e-03	2.49680000e+01
1615133175.4191716	1.29444100e-02	1.00000000e-04	4.30045872e-03	2.49670000e+01
1615133175.6226277	1.29444100e-02	1.00000000e-04	4.30112017e-03	2.49670000e+01
1615133175.8440359	1.29421100e-02	1.00000000e-04	4.30169682e-03	2.49670000e+01
1615133176.0495148	1.29434800e-02	1.00000000e-04	4.30092795e-03	2.49670000e+01
1615133176.2569597	1.29434700e-02	1.00000000e-04	4.30099579e-03	2.49670000e+01
1615133176.4614167	1.29437300e-02	1.00000000e-04	4.30152156e-03	2.49670000e+01
1615133176.667857	1.29444100e-02	1.00000000e-04	4.30108060e-03	2.49680000e+01
1615133176.8892748	1.29439100e-02	1.00000000e-04	4.30082054e-03	2.49670000e+01
1615133177.096718	1.29439000e-02	1.00000000e-04	4.30089969e-03	2.49670000e+01
1615133177.3011394	1.29443300e-02	1.00000000e-04	4.30073008e-03	2.49670000e+01
1615133177.5205808	1.29430500e-02	1.00000000e-04	4.30153238e-03	2.49680000e+01
1615133177.743983	1.29458300e-02	1.00000000e-04	4.30147585e-03	2.49680000e+01
1615133177.9514296	1.29442400e-02	1.00000000e-04	4.30050911e-03	2.49680000e+01
1615133178.172838	1.29440800e-02	1.00000000e-04	4.30095573e-03	2.49680000e+01
1615133178.395214	1.29431300e-02	1.00000000e-04	4.30069567e-03	2.49680000e+01
1615133178.6026583	1.29433100e-02	1.00000000e-04	4.30140235e-03	2.49670000e+01
1615133178.8091066	1.29430500e-02	1.00000000e-04	4.30017556e-03	2.49680000e+01
1615133179.0165517	1.29444100e-02	1.00000000e-04	4.30087093e-03	2.49680000e+01
1615133179.2220266	1.29429700e-02	1.00000000e-04	4.30075786e-03	2.49680000e+01
1615133179.4424229	1.29436600e-02	1.00000000e-04	4.30084266e-03	2.49680000e+01
1615133179.663822	1.29435700e-02	1.00000000e-04	4.30077482e-03	2.49680000e+01
1615133179.8852286	1.29442300e-02	1.00000000e-04	4.30136278e-03	2.49690000e+01
1615133180.1066375	1.29428000e-02	1.00000000e-04	4.30046801e-03	2.49690000e+01
1615133180.3290427	1.29430500e-02	1.00000000e-04	4.30085810e-03	2.49690000e+01
1615133180.5514772	1.29432300e-02	1.00000000e-04	4.30084114e-03	2.49690000e+01
1615133180.7588923	1.29437300e-02	1.00000000e-04	4.30089767e-03	2.49680000e+01
1615133180.9653668	1.29438300e-02	1.00000000e-04	4.30201140e-03	2.49690000e+01
1615133181.1717892	1.29429800e-02	1.00000000e-04	4.30068850e-03	2.49690000e+01
1615133181.3792627	1.29454900e-02	1.00000000e-04	4.30137822e-03	2.49690000e+01
1615133181.586709	1.29431400e-02	1.00000000e-04	4.30121427e-03	2.49690000e+01
1615133181.8051274	1.29437400e-02	1.00000000e-04	4.30112381e-03	2.49690000e+01
1615133182.01254	1.29470300e-02	1.00000000e-04	4.30033798e-03	2.49680000e+01
1615133182.2339487	1.29453300e-02	1.00000000e-04	4.30138952e-03	2.49680000e+01
1615133182.4543583	1.29434900e-02	1.00000000e-04	4.30184180e-03	2.49680000e+01
1615133182.659809	1.29430600e-02	1.00000000e-04	4.30018862e-03	2.49690000e+01
1615133182.866281	1.29429800e-02	1.00000000e-04	4.30090661e-03	2.49690000e+01
1615133183.0876887	1.29431300e-02	1.00000000e-04	4.30091791e-03	2.49690000e+01
1615133183.295136	1.29434700e-02	1.00000000e-04	4.30077092e-03	2.49690000e+01
1615133183.499594	1.29431500e-02	1.00000000e-04	4.30098010e-03	2.49690000e+01
1615133183.7040164	1.29427200e-02	1.00000000e-04	4.30176593e-03	2.49690000e+01
1615133183.9104886	1.29424600e-02	1.00000000e-04	4.30006424e-03	2.49680000e+01
1615133184.115945	1.29428900e-02	1.00000000e-04	4.30138150e-03	2.49690000e+01
