1615134780.280641	1.29351700e-02	1.00000000e-04	4.29705915e-03	2.48770000e+01
1615134780.5040448	1.29350700e-02	1.00000000e-04	4.29741532e-03	2.48780000e+01
1615134780.7114956	1.29352500e-02	1.00000000e-04	4.29725137e-03	2.48780000e+01
1615134780.9189062	1.29343200e-02	1.00000000e-04	4.29695173e-03	2.48780000e+01
1615134781.1253824	1.29353300e-02	1.00000000e-04	4.29779410e-03	2.48770000e+01
1615134781.3308318	1.29346600e-02	1.00000000e-04	4.29740437e-03	2.48770000e+01
1615134781.53825	1.29353300e-02	1.00000000e-04	4.29898734e-03	2.48780000e+01
1615134781.7427316	1.29353400e-02	1.00000000e-04	4.29796406e-03	2.48780000e+01
1615134781.9641407	1.29367700e-02	1.00000000e-04	4.29773792e-03	2.48770000e+01
1615134782.1875134	1.29369400e-02	1.00000000e-04	4.29765312e-03	2.48780000e+01
1615134782.4069269	1.29339800e-02	1.00000000e-04	4.29726869e-03	2.48770000e+01
1615134782.6283574	1.29333900e-02	1.00000000e-04	4.29640936e-03	2.48770000e+01
1615134782.8337846	1.29355000e-02	1.00000000e-04	4.29794145e-03	2.48770000e+01
1615134783.0402622	1.29341500e-02	1.00000000e-04	4.29740437e-03	2.48770000e+01
1615134783.245683	1.29362600e-02	1.00000000e-04	4.29737045e-03	2.48760000e+01
1615134783.4521306	1.29355100e-02	1.00000000e-04	4.29755701e-03	2.48770000e+01
1615134783.6585784	1.29355100e-02	1.00000000e-04	4.29743829e-03	2.48760000e+01
1615134783.866025	1.29334700e-02	1.00000000e-04	4.29826546e-03	2.48760000e+01
1615134784.0724988	1.29360100e-02	1.00000000e-04	4.29690298e-03	2.48770000e+01
1615134784.2769496	1.29355100e-02	1.00000000e-04	4.29693690e-03	2.48770000e+01
1615134784.4834244	1.29349200e-02	1.00000000e-04	4.29797148e-03	2.48770000e+01
1615134784.6908422	1.29367600e-02	1.00000000e-04	4.29745136e-03	2.48770000e+01
1615134784.8972902	1.29355000e-02	1.00000000e-04	4.29854813e-03	2.48770000e+01
1615134785.1047125	1.29364300e-02	1.00000000e-04	4.29721957e-03	2.48780000e+01
1615134785.3111603	1.29362600e-02	1.00000000e-04	4.29702170e-03	2.48780000e+01
1615134785.5186048	1.29358300e-02	1.00000000e-04	4.29779057e-03	2.48780000e+01
1615134785.724085	1.29355800e-02	1.00000000e-04	4.29758705e-03	2.48780000e+01
1615134785.9315298	1.29369300e-02	1.00000000e-04	4.29678426e-03	2.48780000e+01
1615134786.1379492	1.29366800e-02	1.00000000e-04	4.29700474e-03	2.48780000e+01
1615134786.3443973	1.29357600e-02	1.00000000e-04	4.29689920e-03	2.48780000e+01
1615134786.5518773	1.29354200e-02	1.00000000e-04	4.29776418e-03	2.48780000e+01
1615134786.7593153	1.29370100e-02	1.00000000e-04	4.29710838e-03	2.48780000e+01
1615134786.965763	1.29373500e-02	1.00000000e-04	4.29728363e-03	2.48780000e+01
1615134787.1722138	1.29376100e-02	1.00000000e-04	4.29651476e-03	2.48780000e+01
1615134787.3796515	1.29356800e-02	1.00000000e-04	4.29736843e-03	2.48780000e+01
1615134787.5871046	1.29344900e-02	1.00000000e-04	4.29716491e-03	2.48780000e+01
1615134787.7945182	1.29349900e-02	1.00000000e-04	4.29735713e-03	2.48770000e+01
1615134788.000001	1.29351700e-02	1.00000000e-04	4.29792247e-03	2.48780000e+01
1615134788.2213767	1.29357700e-02	1.00000000e-04	4.29692181e-03	2.48780000e+01
1615134788.442785	1.29356700e-02	1.00000000e-04	4.29719318e-03	2.48770000e+01
1615134788.6642177	1.29351700e-02	1.00000000e-04	4.29779810e-03	2.48770000e+01
1615134788.8716664	1.29361000e-02	1.00000000e-04	4.29691835e-03	2.48780000e+01
1615134789.079083	1.29347400e-02	1.00000000e-04	4.29751196e-03	2.48780000e+01
1615134789.299525	1.29360900e-02	1.00000000e-04	4.29733670e-03	2.48780000e+01
1615134789.506939	1.29354200e-02	1.00000000e-04	4.29669221e-03	2.48780000e+01
1615134789.7123895	1.29351500e-02	1.00000000e-04	4.29743281e-03	2.48770000e+01
1615134789.918862	1.29357500e-02	1.00000000e-04	4.29732539e-03	2.48780000e+01
1615134790.1263134	1.29349900e-02	1.00000000e-04	4.29702576e-03	2.48770000e+01
1615134790.3317344	1.29360900e-02	1.00000000e-04	4.29689008e-03	2.48770000e+01
1615134790.5381813	1.29356600e-02	1.00000000e-04	4.29716710e-03	2.48770000e+01
1615134790.7586243	1.29361700e-02	1.00000000e-04	4.29785117e-03	2.48780000e+01
1615134790.9650683	1.29366800e-02	1.00000000e-04	4.29712752e-03	2.48770000e+01
1615134791.170514	1.29353300e-02	1.00000000e-04	4.29810557e-03	2.48770000e+01
1615134791.377936	1.29360100e-02	1.00000000e-04	4.29779737e-03	2.48770000e+01
1615134791.5993435	1.29374500e-02	1.00000000e-04	4.29754296e-03	2.48760000e+01
1615134791.8058202	1.29376200e-02	1.00000000e-04	4.29798958e-03	2.48770000e+01
1615134792.01227	1.29362600e-02	1.00000000e-04	4.29798393e-03	2.48770000e+01
1615134792.232651	1.29354100e-02	1.00000000e-04	4.29817615e-03	2.48760000e+01
1615134792.4401238	1.29359200e-02	1.00000000e-04	4.29666667e-03	2.48760000e+01
1615134792.646543	1.29372700e-02	1.00000000e-04	4.29621440e-03	2.48760000e+01
1615134792.8520298	1.29365200e-02	1.00000000e-04	4.29768430e-03	2.48760000e+01
1615134793.0744	1.29347400e-02	1.00000000e-04	4.29677409e-03	2.48760000e+01
1615134793.2968283	1.29355900e-02	1.00000000e-04	4.29746381e-03	2.48760000e+01
1615134793.5042498	1.29367700e-02	1.00000000e-04	4.29755427e-03	2.48760000e+01
1615134793.7266557	1.29351600e-02	1.00000000e-04	4.29746381e-03	2.48760000e+01
1615134793.9480634	1.29355000e-02	1.00000000e-04	4.29782265e-03	2.48770000e+01
1615134794.155509	1.29365900e-02	1.00000000e-04	4.29694636e-03	2.48770000e+01
1615134794.374945	1.29370100e-02	1.00000000e-04	4.29804878e-03	2.48770000e+01
1615134794.5823674	1.29356800e-02	1.00000000e-04	4.29818447e-03	2.48770000e+01
1615134794.78785	1.29359300e-02	1.00000000e-04	4.29720642e-03	2.48770000e+01
1615134794.991305	1.29360900e-02	1.00000000e-04	4.29753432e-03	2.48770000e+01
1615134795.2126818	1.29371900e-02	1.00000000e-04	4.29760216e-03	2.48770000e+01
1615134795.4201593	1.29363400e-02	1.00000000e-04	4.29799225e-03	2.48770000e+01
1615134795.6435287	1.29354300e-02	1.00000000e-04	4.29752866e-03	2.48760000e+01
1615134795.8480072	1.29352500e-02	1.00000000e-04	4.29681068e-03	2.48770000e+01
1615134796.0544586	1.29358400e-02	1.00000000e-04	4.29776046e-03	2.48780000e+01
1615134796.2738442	1.29363500e-02	1.00000000e-04	4.29730582e-03	2.48770000e+01
1615134796.4802911	1.29360900e-02	1.00000000e-04	4.29692138e-03	2.48780000e+01
1615134796.6997356	1.29364200e-02	1.00000000e-04	4.29729451e-03	2.48780000e+01
1615134796.9061522	1.29351600e-02	1.00000000e-04	4.29739628e-03	2.48780000e+01
1615134797.1116316	1.29373500e-02	1.00000000e-04	4.29792205e-03	2.48770000e+01
1615134797.332032	1.29360000e-02	1.00000000e-04	4.29658218e-03	2.48770000e+01
1615134797.5544484	1.29371900e-02	1.00000000e-04	4.29829518e-03	2.48770000e+01
1615134797.7599013	1.29371000e-02	1.00000000e-04	4.29854958e-03	2.48770000e+01
1615134797.982303	1.29355000e-02	1.00000000e-04	4.29824429e-03	2.48770000e+01
1615134798.1897483	1.29379300e-02	1.00000000e-04	4.29823299e-03	2.48780000e+01
1615134798.3952005	1.29359200e-02	1.00000000e-04	4.29779202e-03	2.48770000e+01
1615134798.6026459	1.29358300e-02	1.00000000e-04	4.29715883e-03	2.48770000e+01
1615134798.809094	1.29371100e-02	1.00000000e-04	4.29674096e-03	2.48780000e+01
1615134799.0314927	1.29349900e-02	1.00000000e-04	4.29834654e-03	2.48780000e+01
1615134799.2529006	1.29344800e-02	1.00000000e-04	4.29738546e-03	2.48780000e+01
1615134799.4573607	1.29355000e-02	1.00000000e-04	4.29753245e-03	2.48770000e+01
1615134799.6628108	1.29360000e-02	1.00000000e-04	4.29728935e-03	2.48770000e+01
1615134799.8702545	1.29352400e-02	1.00000000e-04	4.29775858e-03	2.48770000e+01
1615134800.088666	1.29366800e-02	1.00000000e-04	4.29665051e-03	2.48780000e+01
1615134800.2930958	1.29355000e-02	1.00000000e-04	4.29666181e-03	2.48780000e+01
1615134800.514534	1.29361800e-02	1.00000000e-04	4.29780381e-03	2.48790000e+01
1615134800.7209518	1.29352500e-02	1.00000000e-04	4.29828436e-03	2.48790000e+01
1615134800.9273999	1.29364300e-02	1.00000000e-04	4.29708017e-03	2.48790000e+01
1615134801.1328776	1.29366000e-02	1.00000000e-04	4.29800734e-03	2.48790000e+01
1615134801.339321	1.29358300e-02	1.00000000e-04	4.29816588e-03	2.48790000e+01
1615134801.5467744	1.29371000e-02	1.00000000e-04	4.29783798e-03	2.48790000e+01
1615134801.7541888	1.29362600e-02	1.00000000e-04	4.29832417e-03	2.48780000e+01
1615134801.9736018	1.29366000e-02	1.00000000e-04	4.29850508e-03	2.48780000e+01
1615134802.1790526	1.29363400e-02	1.00000000e-04	4.29761184e-03	2.48790000e+01
1615134802.3845384	1.29364300e-02	1.00000000e-04	4.29727828e-03	2.48790000e+01
1615134802.6059341	1.29358500e-02	1.00000000e-04	4.29752704e-03	2.48790000e+01
1615134802.827318	1.29361700e-02	1.00000000e-04	4.29741962e-03	2.48780000e+01
1615134803.034763	1.29363400e-02	1.00000000e-04	4.29797931e-03	2.48770000e+01
1615134803.2412121	1.29357500e-02	1.00000000e-04	4.29738005e-03	2.48780000e+01
1615134803.44766	1.29368400e-02	1.00000000e-04	4.29744789e-03	2.48780000e+01
1615134803.655133	1.29370900e-02	1.00000000e-04	4.29798497e-03	2.48780000e+01
1615134803.8745465	1.29361800e-02	1.00000000e-04	4.29793221e-03	2.48780000e+01
1615134804.0819628	1.29358400e-02	1.00000000e-04	4.29749690e-03	2.48780000e+01
1615134804.2884393	1.29374300e-02	1.00000000e-04	4.29677325e-03	2.48780000e+01
1615134804.494887	1.29339000e-02	1.00000000e-04	4.29778522e-03	2.48780000e+01
1615134804.7023365	1.29366800e-02	1.00000000e-04	4.29685240e-03	2.48780000e+01
1615134804.9077544	1.29357500e-02	1.00000000e-04	4.29749124e-03	2.48770000e+01
1615134805.1281953	1.29351600e-02	1.00000000e-04	4.29797744e-03	2.48770000e+01
1615134805.3326516	1.29355100e-02	1.00000000e-04	4.29695982e-03	2.48780000e+01
1615134805.5550551	1.29368500e-02	1.00000000e-04	4.29818662e-03	2.48780000e+01
1615134805.7615018	1.29360000e-02	1.00000000e-04	4.29773434e-03	2.48780000e+01
1615134805.981883	1.29362600e-02	1.00000000e-04	4.29784176e-03	2.48780000e+01
1615134806.1873596	1.29335500e-02	1.00000000e-04	4.29830534e-03	2.48770000e+01
1615134806.3947778	1.29359100e-02	1.00000000e-04	4.29712334e-03	2.48770000e+01
1615134806.6022556	1.29363500e-02	1.00000000e-04	4.29753039e-03	2.48770000e+01
1615134806.8226347	1.29354100e-02	1.00000000e-04	4.29770000e-03	2.48770000e+01
1615134807.0460372	1.29345800e-02	1.00000000e-04	4.29720815e-03	2.48770000e+01
1615134807.2524853	1.29354100e-02	1.00000000e-04	4.29785264e-03	2.48770000e+01
1615134807.4589646	1.29363400e-02	1.00000000e-04	4.29784133e-03	2.48770000e+01
1615134807.6664076	1.29357600e-02	1.00000000e-04	4.29736644e-03	2.48770000e+01
1615134807.8708622	1.29345700e-02	1.00000000e-04	4.29748517e-03	2.48780000e+01
1615134808.078276	1.29361800e-02	1.00000000e-04	4.29779045e-03	2.48770000e+01
1615134808.2827306	1.29360900e-02	1.00000000e-04	4.29820881e-03	2.48780000e+01
1615134808.504169	1.29360000e-02	1.00000000e-04	4.29702724e-03	2.48780000e+01
1615134808.7255452	1.29370100e-02	1.00000000e-04	4.29803355e-03	2.48790000e+01
1615134808.9469771	1.29363500e-02	1.00000000e-04	4.29763299e-03	2.48790000e+01
1615134809.1543992	1.29349000e-02	1.00000000e-04	4.29816442e-03	2.48790000e+01
1615134809.375807	1.29355900e-02	1.00000000e-04	4.29732771e-03	2.48790000e+01
1615134809.5812578	1.29362600e-02	1.00000000e-04	4.29774606e-03	2.48790000e+01
1615134809.80269	1.29350800e-02	1.00000000e-04	4.29797220e-03	2.48800000e+01
1615134810.0231066	1.29356700e-02	1.00000000e-04	4.29768953e-03	2.48790000e+01
1615134810.2275288	1.29359300e-02	1.00000000e-04	4.29697154e-03	2.48790000e+01
1615134810.4479716	1.29365000e-02	1.00000000e-04	4.29757081e-03	2.48780000e+01
1615134810.6553853	1.29357600e-02	1.00000000e-04	4.29710722e-03	2.48770000e+01
1615134810.8598375	1.29355900e-02	1.00000000e-04	4.29672844e-03	2.48770000e+01
1615134811.0663164	1.29359200e-02	1.00000000e-04	4.29732771e-03	2.48770000e+01
1615134811.27074	1.29373600e-02	1.00000000e-04	4.29791366e-03	2.48770000e+01
1615134811.4761891	1.29358300e-02	1.00000000e-04	4.29763098e-03	2.48770000e+01
1615134811.6816638	1.29357500e-02	1.00000000e-04	4.29649464e-03	2.48770000e+01
1615134811.9040742	1.29362600e-02	1.00000000e-04	4.29775536e-03	2.48770000e+01
1615134812.1234822	1.29371900e-02	1.00000000e-04	4.29747834e-03	2.48770000e+01
1615134812.3299062	1.29349100e-02	1.00000000e-04	4.29666990e-03	2.48770000e+01
1615134812.5353863	1.29351700e-02	1.00000000e-04	4.29733135e-03	2.48770000e+01
1615134812.7557979	1.29355800e-02	1.00000000e-04	4.29820198e-03	2.48770000e+01
1615134812.979194	1.29353300e-02	1.00000000e-04	4.29657379e-03	2.48770000e+01
1615134813.1866164	1.29367000e-02	1.00000000e-04	4.29705999e-03	2.48770000e+01
1615134813.3940904	1.29354100e-02	1.00000000e-04	4.29808326e-03	2.48780000e+01
1615134813.5995123	1.29360900e-02	1.00000000e-04	4.29695257e-03	2.48790000e+01
1615134813.8069563	1.29355000e-02	1.00000000e-04	4.29700581e-03	2.48780000e+01
1615134814.0124319	1.29370100e-02	1.00000000e-04	4.29783122e-03	2.48780000e+01
1615134814.2338438	1.29351600e-02	1.00000000e-04	4.29794428e-03	2.48770000e+01
1615134814.4402883	1.29350900e-02	1.00000000e-04	4.29831176e-03	2.48780000e+01
1615134814.645715	1.29356700e-02	1.00000000e-04	4.29767857e-03	2.48780000e+01
1615134814.850202	1.29365100e-02	1.00000000e-04	4.29779164e-03	2.48770000e+01
1615134815.0705771	1.29373600e-02	1.00000000e-04	4.29726022e-03	2.48770000e+01
1615134815.2770267	1.29344000e-02	1.00000000e-04	4.29809127e-03	2.48770000e+01
1615134815.498465	1.29367800e-02	1.00000000e-04	4.29804605e-03	2.48760000e+01
1615134815.7059023	1.29350700e-02	1.00000000e-04	4.29689274e-03	2.48760000e+01
1615134815.9253201	1.29352400e-02	1.00000000e-04	4.29793298e-03	2.48760000e+01
1615134816.13177	1.29362600e-02	1.00000000e-04	4.29726022e-03	2.48760000e+01
1615134816.3372202	1.29359300e-02	1.00000000e-04	4.29710951e-03	2.48770000e+01
1615134816.543669	1.29350700e-02	1.00000000e-04	4.29727911e-03	2.48770000e+01
1615134816.750087	1.29345600e-02	1.00000000e-04	4.29736957e-03	2.48770000e+01
1615134816.9555373	1.29342400e-02	1.00000000e-04	4.29678161e-03	2.48770000e+01
1615134817.162015	1.29364200e-02	1.00000000e-04	4.29869248e-03	2.48770000e+01
1615134817.3684335	1.29348200e-02	1.00000000e-04	4.29773704e-03	2.48770000e+01
1615134817.5898643	1.29366800e-02	1.00000000e-04	4.29769747e-03	2.48770000e+01
1615134817.8102822	1.29360100e-02	1.00000000e-04	4.29762962e-03	2.48770000e+01
1615134818.0167282	1.29381200e-02	1.00000000e-04	4.29802537e-03	2.48770000e+01
1615134818.2371445	1.29352500e-02	1.00000000e-04	4.29841546e-03	2.48770000e+01
1615134818.4425964	1.29360100e-02	1.00000000e-04	4.29710951e-03	2.48770000e+01
1615134818.6470144	1.29366800e-02	1.00000000e-04	4.29774269e-03	2.48770000e+01
1615134818.8544831	1.29356700e-02	1.00000000e-04	4.29785526e-03	2.48770000e+01
1615134819.0599394	1.29348200e-02	1.00000000e-04	4.29723904e-03	2.48770000e+01
1615134819.2673893	1.29359100e-02	1.00000000e-04	4.29826231e-03	2.48770000e+01
1615134819.487765	1.29348200e-02	1.00000000e-04	4.29679807e-03	2.48780000e+01
1615134819.711198	1.29347400e-02	1.00000000e-04	4.29849411e-03	2.48770000e+01
1615134819.9336035	1.29355100e-02	1.00000000e-04	4.29815490e-03	2.48770000e+01
1615134820.1380546	1.29350000e-02	1.00000000e-04	4.29788353e-03	2.48770000e+01
1615134820.3454711	1.29357600e-02	1.00000000e-04	4.29723338e-03	2.48770000e+01
1615134820.550923	1.29360100e-02	1.00000000e-04	4.29723338e-03	2.48770000e+01
1615134820.7743547	1.29353300e-02	1.00000000e-04	4.29783830e-03	2.48770000e+01
1615134820.9947362	1.29360000e-02	1.00000000e-04	4.29739733e-03	2.48770000e+01
1615134821.2001858	1.29366900e-02	1.00000000e-04	4.29732949e-03	2.48770000e+01
1615134821.4215937	1.29355100e-02	1.00000000e-04	4.29645936e-03	2.48770000e+01
1615134821.6280658	1.29358400e-02	1.00000000e-04	4.29742045e-03	2.48770000e+01
1615134821.8474548	1.29362600e-02	1.00000000e-04	4.29604666e-03	2.48770000e+01
1615134822.0708573	1.29353300e-02	1.00000000e-04	4.29812713e-03	2.48770000e+01
1615134822.277306	1.29364300e-02	1.00000000e-04	4.29728476e-03	2.48770000e+01
1615134822.483782	1.29354100e-02	1.00000000e-04	4.29724519e-03	2.48770000e+01
1615134822.6911995	1.29361000e-02	1.00000000e-04	4.29709820e-03	2.48760000e+01
1615134822.89669	1.29363400e-02	1.00000000e-04	4.29757309e-03	2.48760000e+01
1615134823.1040943	1.29360900e-02	1.00000000e-04	4.29771443e-03	2.48760000e+01
