1615136511.3689768	1.29402500e-02	1.00000000e-04	4.29927730e-03	2.49130000e+01
1615136511.591411	1.29394200e-02	1.00000000e-04	4.29955998e-03	2.49130000e+01
1615136511.8118215	1.29424500e-02	1.00000000e-04	4.29919250e-03	2.49120000e+01
1615136512.0182693	1.29400900e-02	1.00000000e-04	4.29850843e-03	2.49130000e+01
1615136512.225686	1.29407600e-02	1.00000000e-04	4.29873457e-03	2.49140000e+01
1615136512.4481237	1.29405100e-02	1.00000000e-04	4.29878545e-03	2.49140000e+01
1615136512.6535668	1.29392500e-02	1.00000000e-04	4.29957128e-03	2.49140000e+01
1615136512.8570266	1.29396800e-02	1.00000000e-04	4.29915293e-03	2.49140000e+01
1615136513.0784068	1.29408500e-02	1.00000000e-04	4.29939603e-03	2.49140000e+01
1615136513.28286	1.29406700e-02	1.00000000e-04	4.29893244e-03	2.49140000e+01
1615136513.4893403	1.29406000e-02	1.00000000e-04	4.29928861e-03	2.49140000e+01
1615136513.6947582	1.29391700e-02	1.00000000e-04	4.29988788e-03	2.49140000e+01
1615136513.9002082	1.29412800e-02	1.00000000e-04	4.29973523e-03	2.49140000e+01
1615136514.106657	1.29393500e-02	1.00000000e-04	4.29865542e-03	2.49140000e+01
1615136514.3260703	1.29392600e-02	1.00000000e-04	4.29961651e-03	2.49140000e+01
1615136514.5474782	1.29401000e-02	1.00000000e-04	4.29907943e-03	2.49140000e+01
1615136514.7529278	1.29388300e-02	1.00000000e-04	4.29880807e-03	2.49150000e+01
1615136514.9574108	1.29410100e-02	1.00000000e-04	4.29910770e-03	2.49150000e+01
1615136515.1648262	1.29400900e-02	1.00000000e-04	4.30000660e-03	2.49160000e+01
1615136515.3842633	1.29395000e-02	1.00000000e-04	4.29901159e-03	2.49160000e+01
1615136515.606646	1.29396900e-02	1.00000000e-04	4.30018751e-03	2.49160000e+01
1615136515.8121197	1.29394300e-02	1.00000000e-04	4.29935645e-03	2.49160000e+01
1615136516.0345006	1.29396600e-02	1.00000000e-04	4.29982569e-03	2.49150000e+01
1615136516.2399511	1.29395000e-02	1.00000000e-04	4.29860510e-03	2.49150000e+01
1615136516.4473977	1.29398400e-02	1.00000000e-04	4.29909695e-03	2.49150000e+01
1615136516.6538754	1.29398300e-02	1.00000000e-04	4.29989974e-03	2.49160000e+01
1615136516.8583283	1.29401800e-02	1.00000000e-04	4.29935136e-03	2.49160000e+01
1615136517.0637493	1.29409400e-02	1.00000000e-04	4.29818675e-03	2.49150000e+01
1615136517.2702246	1.29395100e-02	1.00000000e-04	4.29871817e-03	2.49150000e+01
1615136517.4916039	1.29386500e-02	1.00000000e-04	4.29937397e-03	2.49150000e+01
1615136517.714041	1.29404300e-02	1.00000000e-04	4.29927221e-03	2.49150000e+01
1615136517.9184954	1.29391600e-02	1.00000000e-04	4.29883124e-03	2.49140000e+01
1615136518.1249104	1.29394900e-02	1.00000000e-04	4.29909695e-03	2.49140000e+01
1615136518.3473158	1.29387500e-02	1.00000000e-04	4.29882559e-03	2.49140000e+01
1615136518.5537646	1.29404300e-02	1.00000000e-04	4.30004673e-03	2.49140000e+01
1615136518.7602606	1.29383200e-02	1.00000000e-04	4.29976608e-03	2.49140000e+01
1615136518.9676566	1.29387400e-02	1.00000000e-04	4.29861278e-03	2.49140000e+01
1615136519.174106	1.29401000e-02	1.00000000e-04	4.29905940e-03	2.49130000e+01
1615136519.3795564	1.29396700e-02	1.00000000e-04	4.29896329e-03	2.49130000e+01
1615136519.5850334	1.29382400e-02	1.00000000e-04	4.29881630e-03	2.49140000e+01
1615136519.7894843	1.29409300e-02	1.00000000e-04	4.30048972e-03	2.49140000e+01
1615136520.0118644	1.29397600e-02	1.00000000e-04	4.29847144e-03	2.49140000e+01
1615136520.2183123	1.29405100e-02	1.00000000e-04	4.29878238e-03	2.49140000e+01
1615136520.4387515	1.29396800e-02	1.00000000e-04	4.29987350e-03	2.49140000e+01
1615136520.646168	1.29395900e-02	1.00000000e-04	4.29814919e-03	2.49150000e+01
1615136520.8536425	1.29393300e-02	1.00000000e-04	4.29904244e-03	2.49140000e+01
1615136521.0581005	1.29412800e-02	1.00000000e-04	4.29926292e-03	2.49140000e+01
1615136521.2635171	1.29403400e-02	1.00000000e-04	4.29818006e-03	2.49140000e+01
1615136521.4849567	1.29389100e-02	1.00000000e-04	4.30053190e-03	2.49140000e+01
1615136521.7063332	1.29388300e-02	1.00000000e-04	4.29962735e-03	2.49140000e+01
1615136521.9277663	1.29400200e-02	1.00000000e-04	4.29957082e-03	2.49140000e+01
1615136522.1481802	1.29389200e-02	1.00000000e-04	4.29898285e-03	2.49140000e+01
1615136522.3705869	1.29391700e-02	1.00000000e-04	4.29933337e-03	2.49140000e+01
1615136522.5780325	1.29400900e-02	1.00000000e-04	4.29948601e-03	2.49130000e+01
1615136522.7844799	1.29389900e-02	1.00000000e-04	4.29838924e-03	2.49130000e+01
1615136522.9899235	1.29411800e-02	1.00000000e-04	4.29959908e-03	2.49130000e+01
1615136523.2103446	1.29396700e-02	1.00000000e-04	4.29789174e-03	2.49140000e+01
1615136523.4177575	1.29399200e-02	1.00000000e-04	4.29918638e-03	2.49140000e+01
1615136523.6371708	1.29392700e-02	1.00000000e-04	4.30001252e-03	2.49140000e+01
1615136523.843647	1.29387400e-02	1.00000000e-04	4.29896663e-03	2.49140000e+01
1615136524.0481002	1.29395800e-02	1.00000000e-04	4.29911362e-03	2.49140000e+01
1615136524.2535498	1.29380600e-02	1.00000000e-04	4.29886486e-03	2.49140000e+01
1615136524.4609678	1.29385700e-02	1.00000000e-04	4.29909665e-03	2.49150000e+01
1615136524.6674144	1.29404300e-02	1.00000000e-04	4.29944152e-03	2.49150000e+01
1615136524.8888512	1.29401800e-02	1.00000000e-04	4.29827125e-03	2.49140000e+01
1615136525.1112523	1.29381500e-02	1.00000000e-04	4.29919842e-03	2.49140000e+01
1615136525.3306422	1.29398400e-02	1.00000000e-04	4.29937367e-03	2.49140000e+01
1615136525.5360928	1.29393400e-02	1.00000000e-04	4.29892705e-03	2.49130000e+01
1615136525.7425683	1.29385800e-02	1.00000000e-04	4.29917580e-03	2.49130000e+01
1615136525.9489887	1.29389900e-02	1.00000000e-04	4.29822037e-03	2.49130000e+01
1615136526.1704237	1.29399400e-02	1.00000000e-04	4.29884930e-03	2.49140000e+01
1615136526.3768744	1.29411000e-02	1.00000000e-04	4.29796736e-03	2.49140000e+01
1615136526.597284	1.29398400e-02	1.00000000e-04	4.29901325e-03	2.49140000e+01
1615136526.8037019	1.29388200e-02	1.00000000e-04	4.29931288e-03	2.49130000e+01
1615136527.01018	1.29394200e-02	1.00000000e-04	4.30034181e-03	2.49140000e+01
1615136527.2175958	1.29377300e-02	1.00000000e-04	4.29823873e-03	2.49130000e+01
1615136527.4240444	1.29390800e-02	1.00000000e-04	4.29943726e-03	2.49130000e+01
1615136527.6294944	1.29394300e-02	1.00000000e-04	4.29906413e-03	2.49130000e+01
1615136527.8499303	1.29407700e-02	1.00000000e-04	4.29923939e-03	2.49130000e+01
1615136528.0543573	1.29400200e-02	1.00000000e-04	4.29884930e-03	2.49130000e+01
1615136528.276786	1.29401700e-02	1.00000000e-04	4.29902456e-03	2.49130000e+01
1615136528.4832115	1.29413600e-02	1.00000000e-04	4.29939203e-03	2.49120000e+01
1615136528.6876938	1.29386500e-02	1.00000000e-04	4.29920198e-03	2.49130000e+01
1615136528.8941128	1.29397500e-02	1.00000000e-04	4.29931505e-03	2.49130000e+01
1615136529.0995922	1.29384900e-02	1.00000000e-04	4.29971645e-03	2.49130000e+01
1615136529.3190053	1.29396800e-02	1.00000000e-04	4.30030441e-03	2.49130000e+01
1615136529.539388	1.29403500e-02	1.00000000e-04	4.30016873e-03	2.49130000e+01
1615136529.7468314	1.29388200e-02	1.00000000e-04	4.29898715e-03	2.49120000e+01
1615136529.9542766	1.29398500e-02	1.00000000e-04	4.29877797e-03	2.49130000e+01
1615136530.1587615	1.29393300e-02	1.00000000e-04	4.29985778e-03	2.49130000e+01
1615136530.3821335	1.29397600e-02	1.00000000e-04	4.29899280e-03	2.49130000e+01
1615136530.602544	1.29404300e-02	1.00000000e-04	4.29938855e-03	2.49130000e+01
1615136530.8099883	1.29402500e-02	1.00000000e-04	4.29932636e-03	2.49140000e+01
1615136531.0174346	1.29382300e-02	1.00000000e-04	4.29944508e-03	2.49140000e+01
1615136531.220918	1.29411000e-02	1.00000000e-04	4.29892728e-03	2.49140000e+01
1615136531.4273374	1.29399400e-02	1.00000000e-04	4.29930607e-03	2.49130000e+01
1615136531.6487465	1.29392400e-02	1.00000000e-04	4.29966223e-03	2.49130000e+01
1615136531.8701541	1.29404200e-02	1.00000000e-04	4.29985445e-03	2.49140000e+01
1615136532.0915613	1.29397500e-02	1.00000000e-04	4.29907993e-03	2.49130000e+01
1615136532.2990062	1.29406000e-02	1.00000000e-04	4.30029542e-03	2.49130000e+01
1615136532.503483	1.29400200e-02	1.00000000e-04	4.29846370e-03	2.49130000e+01
1615136532.7238946	1.29400900e-02	1.00000000e-04	4.29884814e-03	2.49130000e+01
1615136532.9422872	1.29397500e-02	1.00000000e-04	4.29967354e-03	2.49130000e+01
1615136533.1646924	1.29408500e-02	1.00000000e-04	4.29910819e-03	2.49130000e+01
1615136533.3701422	1.29411000e-02	1.00000000e-04	4.29919865e-03	2.49140000e+01
1615136533.5735981	1.29401800e-02	1.00000000e-04	4.29920430e-03	2.49140000e+01
1615136533.7790496	1.29410100e-02	1.00000000e-04	4.29965658e-03	2.49140000e+01
1615136533.9994843	1.29411200e-02	1.00000000e-04	4.29920430e-03	2.49150000e+01
1615136534.2208955	1.29401100e-02	1.00000000e-04	4.29974138e-03	2.49150000e+01
1615136534.4273462	1.29394300e-02	1.00000000e-04	4.29995621e-03	2.49150000e+01
1615136534.6477559	1.29392400e-02	1.00000000e-04	4.29934564e-03	2.49140000e+01
1615136534.8541744	1.29400900e-02	1.00000000e-04	4.29996752e-03	2.49140000e+01
1615136535.0756137	1.29402600e-02	1.00000000e-04	4.29962266e-03	2.49140000e+01
1615136535.2820294	1.29403400e-02	1.00000000e-04	4.29913646e-03	2.49140000e+01
1615136535.4885101	1.29402800e-02	1.00000000e-04	4.29891598e-03	2.49140000e+01
1615136535.6939287	1.29402600e-02	1.00000000e-04	4.30038588e-03	2.49140000e+01
1615136535.9013739	1.29408500e-02	1.00000000e-04	4.29947567e-03	2.49140000e+01
1615136536.1068523	1.29405100e-02	1.00000000e-04	4.29885354e-03	2.49140000e+01
1615136536.310304	1.29394100e-02	1.00000000e-04	4.29907968e-03	2.49130000e+01
1615136536.5177538	1.29410200e-02	1.00000000e-04	4.30023864e-03	2.49130000e+01
1615136536.7411308	1.29396900e-02	1.00000000e-04	4.29893269e-03	2.49130000e+01
1615136536.9625351	1.29408400e-02	1.00000000e-04	4.29920406e-03	2.49130000e+01
1615136537.1659923	1.29375600e-02	1.00000000e-04	4.29843519e-03	2.49140000e+01
1615136537.3873992	1.29400200e-02	1.00000000e-04	4.29982029e-03	2.49140000e+01
1615136537.5918522	1.29398400e-02	1.00000000e-04	4.29889877e-03	2.49140000e+01
1615136537.811267	1.29403600e-02	1.00000000e-04	4.30002947e-03	2.49140000e+01
1615136538.015719	1.29397600e-02	1.00000000e-04	4.29910795e-03	2.49140000e+01
1615136538.2212064	1.29409300e-02	1.00000000e-04	4.29829951e-03	2.49140000e+01
1615136538.4266524	1.29412000e-02	1.00000000e-04	4.29948673e-03	2.49140000e+01
1615136538.6480584	1.29394100e-02	1.00000000e-04	4.29920213e-03	2.49140000e+01
1615136538.8544989	1.29405100e-02	1.00000000e-04	4.30041197e-03	2.49120000e+01
1615136539.0739207	1.29410300e-02	1.00000000e-04	4.29981270e-03	2.49140000e+01
1615136539.2933023	1.29413700e-02	1.00000000e-04	4.30027063e-03	2.49150000e+01
1615136539.4987776	1.29406900e-02	1.00000000e-04	4.29963744e-03	2.49150000e+01
1615136539.7061982	1.29397400e-02	1.00000000e-04	4.29885161e-03	2.49150000e+01
1615136539.9286335	1.29398400e-02	1.00000000e-04	4.29848414e-03	2.49150000e+01
1615136540.1480408	1.29404300e-02	1.00000000e-04	4.29967136e-03	2.49160000e+01
1615136540.354497	1.29380600e-02	1.00000000e-04	4.29966571e-03	2.49150000e+01
1615136540.558918	1.29392400e-02	1.00000000e-04	4.29932650e-03	2.49150000e+01
1615136540.7803495	1.29409400e-02	1.00000000e-04	4.29968267e-03	2.49150000e+01
1615136541.0027316	1.29404300e-02	1.00000000e-04	4.30029324e-03	2.49140000e+01
1615136541.2081816	1.29401000e-02	1.00000000e-04	4.29974559e-03	2.49140000e+01
1615136541.4275963	1.29405200e-02	1.00000000e-04	4.29963252e-03	2.49130000e+01
1615136541.6480055	1.29401800e-02	1.00000000e-04	4.29882407e-03	2.49130000e+01
1615136541.8704107	1.29400100e-02	1.00000000e-04	4.29878450e-03	2.49140000e+01
1615136542.0768597	1.29393300e-02	1.00000000e-04	4.29931593e-03	2.49130000e+01
1615136542.296301	1.29390900e-02	1.00000000e-04	4.29843398e-03	2.49130000e+01
1615136542.5196753	1.29403400e-02	1.00000000e-04	4.29996607e-03	2.49140000e+01
1615136542.7261236	1.29397600e-02	1.00000000e-04	4.30036747e-03	2.49140000e+01
1615136542.949526	1.29411200e-02	1.00000000e-04	4.29802128e-03	2.49140000e+01
1615136543.1530046	1.29406000e-02	1.00000000e-04	4.29892584e-03	2.49140000e+01
1615136543.3574584	1.29407600e-02	1.00000000e-04	4.29822481e-03	2.49140000e+01
1615136543.5619185	1.29403500e-02	1.00000000e-04	4.29892930e-03	2.49140000e+01
1615136543.782328	1.29393300e-02	1.00000000e-04	4.29865228e-03	2.49140000e+01
1615136544.0037346	1.29389100e-02	1.00000000e-04	4.29989039e-03	2.49140000e+01
1615136544.2101538	1.29401700e-02	1.00000000e-04	4.29964164e-03	2.49140000e+01
1615136544.430589	1.29392400e-02	1.00000000e-04	4.29914413e-03	2.49130000e+01
1615136544.6509757	1.29396800e-02	1.00000000e-04	4.29896887e-03	2.49140000e+01
1615136544.857423	1.29403500e-02	1.00000000e-04	4.29970948e-03	2.49140000e+01
1615136545.0798295	1.29396000e-02	1.00000000e-04	4.29947769e-03	2.49140000e+01
1615136545.3002713	1.29405200e-02	1.00000000e-04	4.29838657e-03	2.49150000e+01
1615136545.5067163	1.29406000e-02	1.00000000e-04	4.29954553e-03	2.49140000e+01
1615136545.7131677	1.29395100e-02	1.00000000e-04	4.29861836e-03	2.49140000e+01
1615136545.9186146	1.29396800e-02	1.00000000e-04	4.29999780e-03	2.49140000e+01
1615136546.1230385	1.29397500e-02	1.00000000e-04	4.29920636e-03	2.49140000e+01
1615136546.3264947	1.29383200e-02	1.00000000e-04	4.29939293e-03	2.49140000e+01
1615136546.547933	1.29400000e-02	1.00000000e-04	4.29934204e-03	2.49140000e+01
1615136546.7553477	1.29402600e-02	1.00000000e-04	4.29975475e-03	2.49150000e+01
1615136546.9627926	1.29393400e-02	1.00000000e-04	4.29954557e-03	2.49140000e+01
1615136547.1862278	1.29385700e-02	1.00000000e-04	4.29934770e-03	2.49140000e+01
1615136547.407614	1.29392500e-02	1.00000000e-04	4.29988478e-03	2.49140000e+01
1615136547.613087	1.29396700e-02	1.00000000e-04	4.29940423e-03	2.49150000e+01
1615136547.8195305	1.29396800e-02	1.00000000e-04	4.29890673e-03	2.49150000e+01
1615136548.0239563	1.29391700e-02	1.00000000e-04	4.30054623e-03	2.49150000e+01
1615136548.2294068	1.29384300e-02	1.00000000e-04	4.29876539e-03	2.49150000e+01
1615136548.451841	1.29386700e-02	1.00000000e-04	4.29989608e-03	2.49140000e+01
1615136548.6722467	1.29387500e-02	1.00000000e-04	4.29977978e-03	2.49150000e+01
1615136548.8786697	1.29384100e-02	1.00000000e-04	4.29983632e-03	2.49140000e+01
1615136549.0861154	1.29379900e-02	1.00000000e-04	4.29961018e-03	2.49140000e+01
1615136549.2925637	1.29390000e-02	1.00000000e-04	4.29945754e-03	2.49140000e+01
1615136549.5139725	1.29397600e-02	1.00000000e-04	4.29966106e-03	2.49130000e+01
1615136549.7184563	1.29405100e-02	1.00000000e-04	4.29922574e-03	2.49130000e+01
1615136549.922878	1.29397600e-02	1.00000000e-04	4.30018683e-03	2.49140000e+01
1615136550.1293604	1.29388300e-02	1.00000000e-04	4.29869432e-03	2.49140000e+01
1615136550.3527286	1.29389900e-02	1.00000000e-04	4.29836642e-03	2.49140000e+01
1615136550.575134	1.29390100e-02	1.00000000e-04	4.29996069e-03	2.49130000e+01
1615136550.797539	1.29388400e-02	1.00000000e-04	4.29948580e-03	2.49140000e+01
1615136551.01897	1.29394200e-02	1.00000000e-04	4.29829858e-03	2.49140000e+01
1615136551.2254283	1.29411100e-02	1.00000000e-04	4.29966696e-03	2.49130000e+01
1615136551.447799	1.29378200e-02	1.00000000e-04	4.29975741e-03	2.49140000e+01
1615136551.6542482	1.29411000e-02	1.00000000e-04	4.29919207e-03	2.49130000e+01
1615136551.8766823	1.29393400e-02	1.00000000e-04	4.29896027e-03	2.49140000e+01
1615136552.0970628	1.29397600e-02	1.00000000e-04	4.29947474e-03	2.49140000e+01
1615136552.3194978	1.29390100e-02	1.00000000e-04	4.29951431e-03	2.49140000e+01
1615136552.5269132	1.29373900e-02	1.00000000e-04	4.29904508e-03	2.49140000e+01
1615136552.749347	1.29391700e-02	1.00000000e-04	4.29942951e-03	2.49140000e+01
1615136552.9707277	1.29384800e-02	1.00000000e-04	4.29978003e-03	2.49140000e+01
1615136553.1941292	1.29398300e-02	1.00000000e-04	4.29825924e-03	2.49150000e+01
1615136553.4155378	1.29401800e-02	1.00000000e-04	4.29910726e-03	2.49150000e+01
1615136553.6369755	1.29386800e-02	1.00000000e-04	4.29908466e-03	2.49150000e+01
1615136553.859374	1.29390900e-02	1.00000000e-04	4.29951432e-03	2.49150000e+01
1615136554.0817564	1.29388400e-02	1.00000000e-04	4.29947475e-03	2.49150000e+01
1615136554.2892017	1.29390900e-02	1.00000000e-04	4.29866631e-03	2.49160000e+01
1615136554.4916592	1.29389100e-02	1.00000000e-04	4.29923731e-03	2.49150000e+01
