1615139040.1012864	1.29348000e-02	1.00000000e-04	4.29711950e-03	2.48440000e+01
1615139040.308733	1.29351400e-02	1.00000000e-04	4.29805232e-03	2.48440000e+01
1615139040.515181	1.29347100e-02	1.00000000e-04	4.29745870e-03	2.48450000e+01
1615139040.7336245	1.29355800e-02	1.00000000e-04	4.29777530e-03	2.48450000e+01
1615139040.9550412	1.29354900e-02	1.00000000e-04	4.29761135e-03	2.48440000e+01
1615139041.175415	1.29341400e-02	1.00000000e-04	4.29774703e-03	2.48450000e+01
1615139041.381862	1.29340500e-02	1.00000000e-04	4.29761135e-03	2.48440000e+01
1615139041.5983121	1.29339600e-02	1.00000000e-04	4.29693293e-03	2.48440000e+01
1615139041.8047655	1.29351300e-02	1.00000000e-04	4.29756612e-03	2.48450000e+01
1615139042.0241454	1.29354100e-02	1.00000000e-04	4.29718734e-03	2.48450000e+01
1615139042.2465498	1.29348900e-02	1.00000000e-04	4.29644108e-03	2.48460000e+01
1615139042.4539957	1.29351500e-02	1.00000000e-04	4.29667214e-03	2.48460000e+01
1615139042.6604671	1.29344800e-02	1.00000000e-04	4.29806855e-03	2.48450000e+01
1615139042.8648973	1.29348900e-02	1.00000000e-04	4.29758800e-03	2.48450000e+01
1615139043.085341	1.29343900e-02	1.00000000e-04	4.29759366e-03	2.48450000e+01
1615139043.2927518	1.29340500e-02	1.00000000e-04	4.29772934e-03	2.48450000e+01
1615139043.5121891	1.29360000e-02	1.00000000e-04	4.29794983e-03	2.48440000e+01
1615139043.7315793	1.29345500e-02	1.00000000e-04	4.29700004e-03	2.48450000e+01
1615139043.952018	1.29343900e-02	1.00000000e-04	4.29712442e-03	2.48450000e+01
1615139044.1584382	1.29350700e-02	1.00000000e-04	4.29796113e-03	2.48450000e+01
1615139044.3629143	1.29355700e-02	1.00000000e-04	4.29722053e-03	2.48450000e+01
1615139044.586317	1.29357400e-02	1.00000000e-04	4.29671172e-03	2.48450000e+01
1615139044.793762	1.29354100e-02	1.00000000e-04	4.29775761e-03	2.48450000e+01
1615139044.9991884	1.29349100e-02	1.00000000e-04	4.29716351e-03	2.48450000e+01
1615139045.2066581	1.29349800e-02	1.00000000e-04	4.29823201e-03	2.48450000e+01
1615139045.4131055	1.29336300e-02	1.00000000e-04	4.29749141e-03	2.48450000e+01
1615139045.6185324	1.29352300e-02	1.00000000e-04	4.29839031e-03	2.48450000e+01
1615139045.8219886	1.29341500e-02	1.00000000e-04	4.29818678e-03	2.48460000e+01
1615139046.0444174	1.29350700e-02	1.00000000e-04	4.29760448e-03	2.48460000e+01
1615139046.2498727	1.29359900e-02	1.00000000e-04	4.29755925e-03	2.48460000e+01
1615139046.4572892	1.29359200e-02	1.00000000e-04	4.29739530e-03	2.48450000e+01
1615139046.6647346	1.29355700e-02	1.00000000e-04	4.29758752e-03	2.48450000e+01
1615139046.8692167	1.29348200e-02	1.00000000e-04	4.29711263e-03	2.48450000e+01
1615139047.0906217	1.29335400e-02	1.00000000e-04	4.29764970e-03	2.48450000e+01
1615139047.2980428	1.29357400e-02	1.00000000e-04	4.29759317e-03	2.48450000e+01
1615139047.5184827	1.29354900e-02	1.00000000e-04	4.29712418e-03	2.48450000e+01
1615139047.7239022	1.29351400e-02	1.00000000e-04	4.29781390e-03	2.48450000e+01
1615139047.9453108	1.29353100e-02	1.00000000e-04	4.29706764e-03	2.48450000e+01
1615139048.1527555	1.29343900e-02	1.00000000e-04	4.29780825e-03	2.48450000e+01
1615139048.360231	1.29334500e-02	1.00000000e-04	4.29697153e-03	2.48450000e+01
1615139048.5656815	1.29345700e-02	1.00000000e-04	4.29679062e-03	2.48450000e+01
1615139048.7850654	1.29347300e-02	1.00000000e-04	4.29761603e-03	2.48450000e+01
1615139049.0064735	1.29354100e-02	1.00000000e-04	4.29683020e-03	2.48450000e+01
1615139049.2139416	1.29359100e-02	1.00000000e-04	4.29787609e-03	2.48450000e+01
1615139049.421364	1.29351400e-02	1.00000000e-04	4.29718636e-03	2.48450000e+01
1615139049.6417747	1.29357400e-02	1.00000000e-04	4.29719767e-03	2.48450000e+01
1615139049.8472252	1.29352200e-02	1.00000000e-04	4.29773239e-03	2.48440000e+01
1615139050.0547018	1.29341300e-02	1.00000000e-04	4.29654516e-03	2.48450000e+01
1615139050.26012	1.29345600e-02	1.00000000e-04	4.29770978e-03	2.48460000e+01
1615139050.4805305	1.29353200e-02	1.00000000e-04	4.29729142e-03	2.48460000e+01
1615139050.686011	1.29346300e-02	1.00000000e-04	4.29816205e-03	2.48450000e+01
1615139050.8934274	1.29359000e-02	1.00000000e-04	4.29654516e-03	2.48450000e+01
1615139051.1009102	1.29349900e-02	1.00000000e-04	4.29767586e-03	2.48450000e+01
1615139051.308348	1.29357500e-02	1.00000000e-04	4.29841646e-03	2.48450000e+01
1615139051.527732	1.29350800e-02	1.00000000e-04	4.29750060e-03	2.48450000e+01
1615139051.7491665	1.29339700e-02	1.00000000e-04	4.29889135e-03	2.48450000e+01
1615139051.9695485	1.29341400e-02	1.00000000e-04	4.29775500e-03	2.48450000e+01
1615139052.1929512	1.29338800e-02	1.00000000e-04	4.29696352e-03	2.48450000e+01
1615139052.4004252	1.29347400e-02	1.00000000e-04	4.29791921e-03	2.48450000e+01
1615139052.6068683	1.29352400e-02	1.00000000e-04	4.29776657e-03	2.48450000e+01
1615139052.812295	1.29344700e-02	1.00000000e-04	4.29718426e-03	2.48450000e+01
1615139053.0167494	1.29344700e-02	1.00000000e-04	4.29856370e-03	2.48440000e+01
1615139053.2241933	1.29344800e-02	1.00000000e-04	4.29798705e-03	2.48450000e+01
1615139053.4456012	1.29346400e-02	1.00000000e-04	4.29791356e-03	2.48440000e+01
1615139053.653077	1.29354000e-02	1.00000000e-04	4.29675460e-03	2.48440000e+01
1615139053.8744555	1.29340600e-02	1.00000000e-04	4.29834887e-03	2.48450000e+01
1615139054.0978935	1.29343900e-02	1.00000000e-04	4.29811143e-03	2.48460000e+01
1615139054.3202908	1.29336500e-02	1.00000000e-04	4.29703162e-03	2.48450000e+01
1615139054.5267367	1.29335400e-02	1.00000000e-04	4.29699204e-03	2.48450000e+01
1615139054.749148	1.29354000e-02	1.00000000e-04	4.29769307e-03	2.48460000e+01
1615139054.9555957	1.29352400e-02	1.00000000e-04	4.29709116e-03	2.48460000e+01
1615139055.16301	1.29348000e-02	1.00000000e-04	4.29776958e-03	2.48460000e+01
1615139055.3694565	1.29343100e-02	1.00000000e-04	4.29741907e-03	2.48460000e+01
1615139055.592859	1.29345700e-02	1.00000000e-04	4.29739080e-03	2.48450000e+01
1615139055.7963161	1.29346500e-02	1.00000000e-04	4.29713639e-03	2.48460000e+01
1615139056.001766	1.29345500e-02	1.00000000e-04	4.29757736e-03	2.48460000e+01
1615139056.2072165	1.29351400e-02	1.00000000e-04	4.29815402e-03	2.48460000e+01
1615139056.4146626	1.29350700e-02	1.00000000e-04	4.29778654e-03	2.48470000e+01
1615139056.6211095	1.29343800e-02	1.00000000e-04	4.29833493e-03	2.48470000e+01
1615139056.825563	1.29353200e-02	1.00000000e-04	4.29770174e-03	2.48460000e+01
1615139057.0469706	1.29344900e-02	1.00000000e-04	4.29771870e-03	2.48460000e+01
1615139057.2544453	1.29352300e-02	1.00000000e-04	4.29767347e-03	2.48460000e+01
1615139057.4618852	1.29343000e-02	1.00000000e-04	4.29703462e-03	2.48470000e+01
1615139057.6683393	1.29352300e-02	1.00000000e-04	4.29737948e-03	2.48470000e+01
1615139057.875784	1.29364100e-02	1.00000000e-04	4.29807486e-03	2.48470000e+01
1615139058.0951674	1.29360800e-02	1.00000000e-04	4.29771869e-03	2.48470000e+01
1615139058.318595	1.29348900e-02	1.00000000e-04	4.29800136e-03	2.48470000e+01
1615139058.538982	1.29349000e-02	1.00000000e-04	4.29778088e-03	2.48460000e+01
1615139058.7613878	1.29349000e-02	1.00000000e-04	4.29748690e-03	2.48460000e+01
1615139058.9818292	1.29359900e-02	1.00000000e-04	4.29714203e-03	2.48450000e+01
1615139059.2032046	1.29351400e-02	1.00000000e-04	4.29827838e-03	2.48450000e+01
1615139059.4086788	1.29349000e-02	1.00000000e-04	4.29823881e-03	2.48460000e+01
1615139059.6300945	1.29344600e-02	1.00000000e-04	4.29823315e-03	2.48460000e+01
1615139059.8375447	1.29347300e-02	1.00000000e-04	4.29797077e-03	2.48460000e+01
1615139060.0569215	1.29355800e-02	1.00000000e-04	4.29716232e-03	2.48450000e+01
1615139060.2783306	1.29358300e-02	1.00000000e-04	4.29753545e-03	2.48450000e+01
1615139060.4857745	1.29338900e-02	1.00000000e-04	4.29768810e-03	2.48440000e+01
1615139060.6932554	1.29358900e-02	1.00000000e-04	4.29799338e-03	2.48440000e+01
1615139060.8986707	1.29354700e-02	1.00000000e-04	4.29754676e-03	2.48440000e+01
1615139061.1191099	1.29341300e-02	1.00000000e-04	4.29785205e-03	2.48450000e+01
1615139061.326559	1.29355800e-02	1.00000000e-04	4.29811776e-03	2.48460000e+01
1615139061.5479355	1.29353100e-02	1.00000000e-04	4.29670439e-03	2.48460000e+01
1615139061.7544153	1.29348900e-02	1.00000000e-04	4.29719059e-03	2.48470000e+01
1615139061.96186	1.29364900e-02	1.00000000e-04	4.29812907e-03	2.48470000e+01
1615139062.1652844	1.29352300e-02	1.00000000e-04	4.29723582e-03	2.48470000e+01
1615139062.388686	1.29351500e-02	1.00000000e-04	4.29697210e-03	2.48470000e+01
1615139062.59314	1.29361700e-02	1.00000000e-04	4.29716998e-03	2.48460000e+01
1615139062.812581	1.29353200e-02	1.00000000e-04	4.29836851e-03	2.48470000e+01
1615139063.0319946	1.29351400e-02	1.00000000e-04	4.29737915e-03	2.48470000e+01
1615139063.2384384	1.29369900e-02	1.00000000e-04	4.29816499e-03	2.48470000e+01
1615139063.4458945	1.29346300e-02	1.00000000e-04	4.29778620e-03	2.48460000e+01
1615139063.6503358	1.29377500e-02	1.00000000e-04	4.29754876e-03	2.48460000e+01
1615139063.85676	1.29357400e-02	1.00000000e-04	4.29738481e-03	2.48470000e+01
1615139064.0791652	1.29350700e-02	1.00000000e-04	4.29711909e-03	2.48470000e+01
1615139064.3006065	1.29359000e-02	1.00000000e-04	4.29776924e-03	2.48470000e+01
1615139064.520986	1.29367600e-02	1.00000000e-04	4.29657636e-03	2.48460000e+01
1615139064.7284596	1.29348200e-02	1.00000000e-04	4.29711909e-03	2.48450000e+01
1615139064.9508343	1.29355800e-02	1.00000000e-04	4.29840269e-03	2.48450000e+01
1615139065.156286	1.29349800e-02	1.00000000e-04	4.29758859e-03	2.48440000e+01
1615139065.3776927	1.29351500e-02	1.00000000e-04	4.29678014e-03	2.48440000e+01
1615139065.6001282	1.29365700e-02	1.00000000e-04	4.29662184e-03	2.48450000e+01
1615139065.820533	1.29349800e-02	1.00000000e-04	4.29717023e-03	2.48460000e+01
1615139066.0269566	1.29366600e-02	1.00000000e-04	4.29674057e-03	2.48460000e+01
1615139066.249363	1.29355700e-02	1.00000000e-04	4.29783734e-03	2.48460000e+01
1615139066.4568071	1.29348200e-02	1.00000000e-04	4.29771296e-03	2.48470000e+01
1615139066.6612604	1.29345600e-02	1.00000000e-04	4.29765077e-03	2.48470000e+01
1615139066.868735	1.29347200e-02	1.00000000e-04	4.29796737e-03	2.48470000e+01
1615139067.0751545	1.29346500e-02	1.00000000e-04	4.29724373e-03	2.48470000e+01
1615139067.280605	1.29345600e-02	1.00000000e-04	4.29748117e-03	2.48460000e+01
1615139067.4870532	1.29348100e-02	1.00000000e-04	4.29785430e-03	2.48460000e+01
1615139067.6935236	1.29344700e-02	1.00000000e-04	4.29788822e-03	2.48460000e+01
1615139067.9009778	1.29360000e-02	1.00000000e-04	4.29729461e-03	2.48460000e+01
1615139068.1064258	1.29347900e-02	1.00000000e-04	4.29776950e-03	2.48460000e+01
1615139068.3118465	1.29348900e-02	1.00000000e-04	4.29779211e-03	2.48450000e+01
1615139068.5183256	1.29346400e-02	1.00000000e-04	4.29690452e-03	2.48460000e+01
1615139068.7387059	1.29343800e-02	1.00000000e-04	4.29793910e-03	2.48470000e+01
1615139068.9581192	1.29357400e-02	1.00000000e-04	4.29844791e-03	2.48470000e+01
1615139069.164567	1.29344700e-02	1.00000000e-04	4.29837442e-03	2.48470000e+01
1615139069.3710434	1.29343800e-02	1.00000000e-04	4.29757728e-03	2.48470000e+01
1615139069.5754979	1.29348200e-02	1.00000000e-04	4.29689321e-03	2.48470000e+01
1615139069.7809415	1.29345700e-02	1.00000000e-04	4.29782062e-03	2.48470000e+01
1615139069.9863684	1.29350700e-02	1.00000000e-04	4.29671820e-03	2.48470000e+01
1615139070.2057817	1.29348300e-02	1.00000000e-04	4.29741923e-03	2.48470000e+01
1615139070.4271896	1.29354000e-02	1.00000000e-04	4.29752664e-03	2.48470000e+01
1615139070.6336613	1.29354000e-02	1.00000000e-04	4.29833509e-03	2.48470000e+01
1615139070.8550713	1.29348200e-02	1.00000000e-04	4.29639029e-03	2.48460000e+01
1615139071.061522	1.29349000e-02	1.00000000e-04	4.29628853e-03	2.48450000e+01
1615139071.283927	1.29350600e-02	1.00000000e-04	4.29817114e-03	2.48450000e+01
1615139071.5063038	1.29345700e-02	1.00000000e-04	4.29644118e-03	2.48460000e+01
1615139071.7107873	1.29349800e-02	1.00000000e-04	4.29638464e-03	2.48460000e+01
1615139071.9341607	1.29346300e-02	1.00000000e-04	4.29732312e-03	2.48460000e+01
1615139072.139612	1.29351500e-02	1.00000000e-04	4.29729485e-03	2.48470000e+01
1615139072.3600216	1.29341300e-02	1.00000000e-04	4.29779861e-03	2.48470000e+01
1615139072.5804603	1.29349100e-02	1.00000000e-04	4.29762901e-03	2.48460000e+01
1615139072.7868805	1.29355000e-02	1.00000000e-04	4.29762901e-03	2.48460000e+01
1615139072.993356	1.29354800e-02	1.00000000e-04	4.29815478e-03	2.48460000e+01
1615139073.1998036	1.29356500e-02	1.00000000e-04	4.29767989e-03	2.48460000e+01
1615139073.406247	1.29358200e-02	1.00000000e-04	4.29766293e-03	2.48460000e+01
1615139073.612671	1.29353900e-02	1.00000000e-04	4.29730111e-03	2.48470000e+01
1615139073.8181217	1.29331100e-02	1.00000000e-04	4.29796822e-03	2.48470000e+01
1615139074.0245707	1.29350600e-02	1.00000000e-04	4.29718804e-03	2.48470000e+01
1615139074.2469757	1.29346400e-02	1.00000000e-04	4.29797952e-03	2.48470000e+01
1615139074.4694088	1.29366500e-02	1.00000000e-04	4.29840353e-03	2.48470000e+01
1615139074.6768253	1.29359000e-02	1.00000000e-04	4.29840353e-03	2.48470000e+01
1615139074.8842716	1.29352300e-02	1.00000000e-04	4.29749248e-03	2.48480000e+01
1615139075.0887249	1.29355500e-02	1.00000000e-04	4.29737941e-03	2.48470000e+01
1615139075.308138	1.29345500e-02	1.00000000e-04	4.29696671e-03	2.48470000e+01
1615139075.5295737	1.29348100e-02	1.00000000e-04	4.29828962e-03	2.48470000e+01
1615139075.7499874	1.29352300e-02	1.00000000e-04	4.29735679e-03	2.48470000e+01
1615139075.9694018	1.29354000e-02	1.00000000e-04	4.29724938e-03	2.48470000e+01
1615139076.1768465	1.29340400e-02	1.00000000e-04	4.29767904e-03	2.48470000e+01
1615139076.3972597	1.29358200e-02	1.00000000e-04	4.29745856e-03	2.48460000e+01
1615139076.6036737	1.29362300e-02	1.00000000e-04	4.29777515e-03	2.48460000e+01
1615139076.809124	1.29354800e-02	1.00000000e-04	4.29848749e-03	2.48470000e+01
1615139077.0305634	1.29364800e-02	1.00000000e-04	4.29654270e-03	2.48470000e+01
1615139077.249982	1.29350700e-02	1.00000000e-04	4.29670099e-03	2.48470000e+01
1615139077.4544337	1.29348900e-02	1.00000000e-04	4.29757679e-03	2.48470000e+01
1615139077.6618447	1.29351400e-02	1.00000000e-04	4.29684184e-03	2.48470000e+01
1615139077.8822534	1.29358900e-02	1.00000000e-04	4.29770117e-03	2.48470000e+01
1615139078.08873	1.29348100e-02	1.00000000e-04	4.29854919e-03	2.48470000e+01
1615139078.294152	1.29354100e-02	1.00000000e-04	4.29702841e-03	2.48480000e+01
1615139078.5005999	1.29349000e-02	1.00000000e-04	4.29743546e-03	2.48480000e+01
1615139078.7070765	1.29356600e-02	1.00000000e-04	4.29766725e-03	2.48470000e+01
1615139078.9254928	1.29353900e-02	1.00000000e-04	4.29717540e-03	2.48470000e+01
1615139079.1478963	1.29350500e-02	1.00000000e-04	4.29693230e-03	2.48470000e+01
1615139079.354318	1.29348100e-02	1.00000000e-04	4.29847569e-03	2.48470000e+01
1615139079.5607653	1.29351500e-02	1.00000000e-04	4.29724889e-03	2.48470000e+01
1615139079.7662153	1.29350600e-02	1.00000000e-04	4.29754015e-03	2.48470000e+01
1615139079.9876232	1.29349700e-02	1.00000000e-04	4.29835990e-03	2.48470000e+01
1615139080.2100554	1.29349800e-02	1.00000000e-04	4.29723486e-03	2.48470000e+01
1615139080.4165049	1.29363200e-02	1.00000000e-04	4.29778890e-03	2.48460000e+01
1615139080.6378844	1.29364900e-02	1.00000000e-04	4.29730836e-03	2.48460000e+01
1615139080.8453531	1.29352300e-02	1.00000000e-04	4.29833163e-03	2.48460000e+01
1615139081.0647428	1.29354900e-02	1.00000000e-04	4.29747796e-03	2.48460000e+01
1615139081.2871494	1.29356500e-02	1.00000000e-04	4.29735924e-03	2.48460000e+01
1615139081.5075586	1.29357400e-02	1.00000000e-04	4.29755146e-03	2.48470000e+01
1615139081.71301	1.29353200e-02	1.00000000e-04	4.29715006e-03	2.48460000e+01
1615139081.9184883	1.29351500e-02	1.00000000e-04	4.29725747e-03	2.48460000e+01
1615139082.122942	1.29359900e-02	1.00000000e-04	4.29839382e-03	2.48460000e+01
1615139082.3283653	1.29348000e-02	1.00000000e-04	4.29770582e-03	2.48470000e+01
1615139082.550769	1.29359800e-02	1.00000000e-04	4.29765494e-03	2.48460000e+01
1615139082.7582147	1.29354000e-02	1.00000000e-04	4.29716308e-03	2.48470000e+01
1615139082.9636667	1.29359900e-02	1.00000000e-04	4.29772278e-03	2.48470000e+01
