1615139320.7969065	1.29378300e-02	1.00000000e-04	4.29868232e-03	2.48610000e+01
1615139321.0023544	1.29363100e-02	1.00000000e-04	4.29877843e-03	2.48610000e+01
1615139321.2097983	1.29371600e-02	1.00000000e-04	4.29789930e-03	2.48610000e+01
1615139321.4172134	1.29368400e-02	1.00000000e-04	4.29806325e-03	2.48610000e+01
1615139321.6396444	1.29375800e-02	1.00000000e-04	4.29810848e-03	2.48610000e+01
1615139321.8590608	1.29370900e-02	1.00000000e-04	4.29751486e-03	2.48610000e+01
1615139322.0804398	1.29367400e-02	1.00000000e-04	4.29840811e-03	2.48610000e+01
1615139322.286917	1.29374100e-02	1.00000000e-04	4.29759401e-03	2.48620000e+01
1615139322.493337	1.29367300e-02	1.00000000e-04	4.29689298e-03	2.48610000e+01
1615139322.7007809	1.29372400e-02	1.00000000e-04	4.29744702e-03	2.48610000e+01
1615139322.9062326	1.29374100e-02	1.00000000e-04	4.29837984e-03	2.48620000e+01
1615139323.1286368	1.29367400e-02	1.00000000e-04	4.29807455e-03	2.48610000e+01
1615139323.3361125	1.29368200e-02	1.00000000e-04	4.29762793e-03	2.48610000e+01
1615139323.5425456	1.29369900e-02	1.00000000e-04	4.29831765e-03	2.48620000e+01
1615139323.7649658	1.29391800e-02	1.00000000e-04	4.29797577e-03	2.48620000e+01
1615139323.9713843	1.29376600e-02	1.00000000e-04	4.29917996e-03	2.48620000e+01
1615139324.1788297	1.29379900e-02	1.00000000e-04	4.29824714e-03	2.48620000e+01
1615139324.4012578	1.29389200e-02	1.00000000e-04	4.29774398e-03	2.48610000e+01
1615139324.6066852	1.29385900e-02	1.00000000e-04	4.29842239e-03	2.48600000e+01
1615139324.8131332	1.29382600e-02	1.00000000e-04	4.29795881e-03	2.48600000e+01
1615139325.0345411	1.29376600e-02	1.00000000e-04	4.29820191e-03	2.48600000e+01
1615139325.2549808	1.29382700e-02	1.00000000e-04	4.29809449e-03	2.48600000e+01
1615139325.4614289	1.29380100e-02	1.00000000e-04	4.29923649e-03	2.48600000e+01
1615139325.6668503	1.29374100e-02	1.00000000e-04	4.29759133e-03	2.48610000e+01
1615139325.8743267	1.29381700e-02	1.00000000e-04	4.29872768e-03	2.48610000e+01
1615139326.0797737	1.29390200e-02	1.00000000e-04	4.29787966e-03	2.48610000e+01
1615139326.3021502	1.29376600e-02	1.00000000e-04	4.29799789e-03	2.48610000e+01
1615139326.508598	1.29381700e-02	1.00000000e-04	4.29751734e-03	2.48610000e+01
1615139326.730007	1.29377500e-02	1.00000000e-04	4.29834840e-03	2.48610000e+01
1615139326.9354854	1.29380100e-02	1.00000000e-04	4.29765868e-03	2.48610000e+01
1615139327.1419046	1.29380100e-02	1.00000000e-04	4.29819576e-03	2.48610000e+01
1615139327.3473835	1.29369100e-02	1.00000000e-04	4.29859150e-03	2.48610000e+01
1615139327.5528064	1.29382700e-02	1.00000000e-04	4.29808834e-03	2.48610000e+01
1615139327.774243	1.29384400e-02	1.00000000e-04	4.29797527e-03	2.48620000e+01
1615139327.9966488	1.29372500e-02	1.00000000e-04	4.29766433e-03	2.48630000e+01
1615139328.201106	1.29389200e-02	1.00000000e-04	4.29896463e-03	2.48630000e+01
1615139328.4085417	1.29383300e-02	1.00000000e-04	4.29825229e-03	2.48620000e+01
1615139328.6299617	1.29370800e-02	1.00000000e-04	4.29785090e-03	2.48620000e+01
1615139328.8364036	1.29374000e-02	1.00000000e-04	4.29917922e-03	2.48620000e+01
1615139329.0438194	1.29375100e-02	1.00000000e-04	4.29791284e-03	2.48620000e+01
1615139329.2502675	1.29374100e-02	1.00000000e-04	4.29816725e-03	2.48610000e+01
1615139329.470677	1.29372400e-02	1.00000000e-04	4.29852907e-03	2.48620000e+01
1615139329.6771252	1.29374200e-02	1.00000000e-04	4.29742099e-03	2.48620000e+01
1615139329.8985653	1.29378200e-02	1.00000000e-04	4.29778846e-03	2.48620000e+01
1615139330.1060016	1.29383400e-02	1.00000000e-04	4.29838773e-03	2.48620000e+01
1615139330.3114285	1.29381000e-02	1.00000000e-04	4.29729661e-03	2.48620000e+01
1615139330.5188751	1.29362200e-02	1.00000000e-04	4.29781108e-03	2.48620000e+01
1615139330.7413077	1.29377400e-02	1.00000000e-04	4.29796937e-03	2.48620000e+01
1615139330.964683	1.29374200e-02	1.00000000e-04	4.29760755e-03	2.48610000e+01
1615139331.1850934	1.29388400e-02	1.00000000e-04	4.29788457e-03	2.48620000e+01
1615139331.390544	1.29359000e-02	1.00000000e-04	4.29762628e-03	2.48620000e+01
1615139331.5979881	1.29385800e-02	1.00000000e-04	4.29868348e-03	2.48620000e+01
1615139331.8054347	1.29380800e-02	1.00000000e-04	4.29795418e-03	2.48630000e+01
1615139332.0088894	1.29376800e-02	1.00000000e-04	4.29832731e-03	2.48620000e+01
1615139332.2163608	1.29369800e-02	1.00000000e-04	4.29823120e-03	2.48610000e+01
1615139332.4217863	1.29363200e-02	1.00000000e-04	4.29818597e-03	2.48620000e+01
1615139332.6262643	1.29375700e-02	1.00000000e-04	4.29801071e-03	2.48630000e+01
1615139332.8336837	1.29372400e-02	1.00000000e-04	4.29724750e-03	2.48630000e+01
1615139333.0530982	1.29372400e-02	1.00000000e-04	4.29768281e-03	2.48630000e+01
1615139333.260566	1.29368200e-02	1.00000000e-04	4.29824251e-03	2.48630000e+01
1615139333.4679885	1.29372600e-02	1.00000000e-04	4.29864390e-03	2.48630000e+01
1615139333.690394	1.29380100e-02	1.00000000e-04	4.29783546e-03	2.48630000e+01
1615139333.909806	1.29373300e-02	1.00000000e-04	4.29810657e-03	2.48630000e+01
1615139334.1172526	1.29369900e-02	1.00000000e-04	4.29805003e-03	2.48630000e+01
1615139334.3227031	1.29369800e-02	1.00000000e-04	4.29834967e-03	2.48630000e+01
1615139334.5301478	1.29385000e-02	1.00000000e-04	4.29758645e-03	2.48630000e+01
1615139334.7356262	1.29380900e-02	1.00000000e-04	4.29764864e-03	2.48630000e+01
1615139334.9580033	1.29381700e-02	1.00000000e-04	4.29773909e-03	2.48640000e+01
1615139335.1634548	1.29377500e-02	1.00000000e-04	4.29913550e-03	2.48640000e+01
1615139335.3699014	1.29381700e-02	1.00000000e-04	4.29823660e-03	2.48640000e+01
1615139335.577347	1.29375100e-02	1.00000000e-04	4.29807830e-03	2.48630000e+01
1615139335.7827973	1.29378400e-02	1.00000000e-04	4.29823095e-03	2.48620000e+01
1615139335.9892735	1.29374000e-02	1.00000000e-04	4.29797654e-03	2.48630000e+01
1615139336.1966915	1.29369900e-02	1.00000000e-04	4.29766694e-03	2.48630000e+01
1615139336.4181223	1.29374100e-02	1.00000000e-04	4.29754256e-03	2.48630000e+01
1615139336.6395383	1.29385000e-02	1.00000000e-04	4.29811922e-03	2.48630000e+01
1615139336.8459556	1.29387700e-02	1.00000000e-04	4.29762171e-03	2.48620000e+01
1615139337.0534282	1.29373400e-02	1.00000000e-04	4.29781958e-03	2.48630000e+01
1615139337.2608683	1.29375700e-02	1.00000000e-04	4.29799484e-03	2.48630000e+01
1615139337.4822538	1.29380800e-02	1.00000000e-04	4.29815879e-03	2.48620000e+01
1615139337.686737	1.29366500e-02	1.00000000e-04	4.29819271e-03	2.48630000e+01
1615139337.8931835	1.29391700e-02	1.00000000e-04	4.29748603e-03	2.48630000e+01
1615139338.1006002	1.29383300e-02	1.00000000e-04	4.29797223e-03	2.48630000e+01
1615139338.3060508	1.29375800e-02	1.00000000e-04	4.29788742e-03	2.48630000e+01
1615139338.5134947	1.29390900e-02	1.00000000e-04	4.29885982e-03	2.48620000e+01
1615139338.7209744	1.29380900e-02	1.00000000e-04	4.29806244e-03	2.48630000e+01
1615139338.927417	1.29373200e-02	1.00000000e-04	4.29854298e-03	2.48620000e+01
1615139339.1348333	1.29376800e-02	1.00000000e-04	4.29850906e-03	2.48630000e+01
1615139339.3572385	1.29373300e-02	1.00000000e-04	4.29831684e-03	2.48630000e+01
1615139339.5806425	1.29374900e-02	1.00000000e-04	4.29823204e-03	2.48640000e+01
1615139339.8030474	1.29385100e-02	1.00000000e-04	4.29811897e-03	2.48630000e+01
1615139340.0254803	1.29372400e-02	1.00000000e-04	4.29814159e-03	2.48630000e+01
1615139340.2478588	1.29377400e-02	1.00000000e-04	4.29794371e-03	2.48630000e+01
1615139340.4543378	1.29382600e-02	1.00000000e-04	4.29784195e-03	2.48630000e+01
1615139340.6767337	1.29370700e-02	1.00000000e-04	4.29807374e-03	2.48620000e+01
1615139340.8841553	1.29396900e-02	1.00000000e-04	4.29790979e-03	2.48620000e+01
1615139341.1055644	1.29373200e-02	1.00000000e-04	4.29865040e-03	2.48620000e+01
1615139341.3259737	1.29385900e-02	1.00000000e-04	4.29767702e-03	2.48630000e+01
1615139341.5334525	1.29388400e-02	1.00000000e-04	4.29809537e-03	2.48630000e+01
1615139341.7568219	1.29380800e-02	1.00000000e-04	4.29769963e-03	2.48630000e+01
1615139341.9782584	1.29392600e-02	1.00000000e-04	4.29842893e-03	2.48630000e+01
1615139342.2016563	1.29384200e-02	1.00000000e-04	4.29801057e-03	2.48640000e+01
1615139342.4091065	1.29375700e-02	1.00000000e-04	4.29840631e-03	2.48630000e+01
1615139342.6165237	1.29385000e-02	1.00000000e-04	4.29796534e-03	2.48630000e+01
1615139342.8229716	1.29369900e-02	1.00000000e-04	4.29854765e-03	2.48620000e+01
1615139343.0304499	1.29374000e-02	1.00000000e-04	4.29846285e-03	2.48620000e+01
1615139343.2368648	1.29370700e-02	1.00000000e-04	4.29816887e-03	2.48610000e+01
1615139343.4423156	1.29399400e-02	1.00000000e-04	4.29743392e-03	2.48610000e+01
1615139343.648763	1.29379200e-02	1.00000000e-04	4.29925999e-03	2.48620000e+01
1615139343.8552103	1.29382500e-02	1.00000000e-04	4.29747216e-03	2.48620000e+01
1615139344.0626554	1.29379900e-02	1.00000000e-04	4.29768699e-03	2.48630000e+01
1615139344.2850618	1.29395200e-02	1.00000000e-04	4.29807142e-03	2.48630000e+01
1615139344.4905455	1.29388500e-02	1.00000000e-04	4.29743258e-03	2.48640000e+01
1615139344.6929939	1.29378300e-02	1.00000000e-04	4.29933215e-03	2.48640000e+01
1615139344.913411	1.29370700e-02	1.00000000e-04	4.29815623e-03	2.48630000e+01
1615139345.1188598	1.29376600e-02	1.00000000e-04	4.29730821e-03	2.48630000e+01
1615139345.3242817	1.29379100e-02	1.00000000e-04	4.29790747e-03	2.48630000e+01
1615139345.5307298	1.29380000e-02	1.00000000e-04	4.29809969e-03	2.48620000e+01
1615139345.7371776	1.29374900e-02	1.00000000e-04	4.29826364e-03	2.48620000e+01
1615139345.944624	1.29385100e-02	1.00000000e-04	4.29804316e-03	2.48620000e+01
1615139346.1510708	1.29369100e-02	1.00000000e-04	4.29775915e-03	2.48620000e+01
1615139346.3874397	1.29369000e-02	1.00000000e-04	4.29807574e-03	2.48630000e+01
1615139346.6078508	1.29383200e-02	1.00000000e-04	4.29811532e-03	2.48630000e+01
1615139346.8272624	1.29379200e-02	1.00000000e-04	4.29870328e-03	2.48640000e+01
1615139347.0347087	1.29389200e-02	1.00000000e-04	4.29821708e-03	2.48630000e+01
1615139347.242154	1.29361400e-02	1.00000000e-04	4.29777045e-03	2.48630000e+01
1615139347.446607	1.29383400e-02	1.00000000e-04	4.29834145e-03	2.48630000e+01
1615139347.6530542	1.29374200e-02	1.00000000e-04	4.29758954e-03	2.48630000e+01
1615139347.8734655	1.29371600e-02	1.00000000e-04	4.29847148e-03	2.48630000e+01
1615139348.0809112	1.29367400e-02	1.00000000e-04	4.29882200e-03	2.48640000e+01
1615139348.2863605	1.29381600e-02	1.00000000e-04	4.29835841e-03	2.48630000e+01
1615139348.508767	1.29382600e-02	1.00000000e-04	4.29882200e-03	2.48640000e+01
1615139348.7142174	1.29377500e-02	1.00000000e-04	4.29857816e-03	2.48640000e+01
1615139348.9196959	1.29375800e-02	1.00000000e-04	4.29843117e-03	2.48640000e+01
1615139349.1261148	1.29376000e-02	1.00000000e-04	4.29888344e-03	2.48640000e+01
1615139349.3306026	1.29377600e-02	1.00000000e-04	4.29830114e-03	2.48630000e+01
1615139349.5539727	1.29379300e-02	1.00000000e-04	4.29728351e-03	2.48630000e+01
1615139349.7754097	1.29379200e-02	1.00000000e-04	4.29863469e-03	2.48640000e+01
1615139349.9818583	1.29383400e-02	1.00000000e-04	4.29777537e-03	2.48640000e+01
1615139350.1882758	1.29381700e-02	1.00000000e-04	4.29811457e-03	2.48640000e+01
1615139350.3947237	1.29392600e-02	1.00000000e-04	4.29795062e-03	2.48640000e+01
1615139350.60117	1.29381900e-02	1.00000000e-04	4.29788844e-03	2.48640000e+01
1615139350.8205848	1.29375800e-02	1.00000000e-04	4.29784886e-03	2.48640000e+01
1615139351.042022	1.29376700e-02	1.00000000e-04	4.29777537e-03	2.48630000e+01
1615139351.2494657	1.29365800e-02	1.00000000e-04	4.29737853e-03	2.48630000e+01
1615139351.4568832	1.29374900e-02	1.00000000e-04	4.29875233e-03	2.48630000e+01
1615139351.6613646	1.29378300e-02	1.00000000e-04	4.29766686e-03	2.48630000e+01
1615139351.8667867	1.29381000e-02	1.00000000e-04	4.29832832e-03	2.48630000e+01
1615139352.0742323	1.29393300e-02	1.00000000e-04	4.29746334e-03	2.48640000e+01
1615139352.2817054	1.29375700e-02	1.00000000e-04	4.29790996e-03	2.48630000e+01
1615139352.487128	1.29377300e-02	1.00000000e-04	4.29768948e-03	2.48630000e+01
1615139352.691604	1.29380800e-02	1.00000000e-04	4.29807956e-03	2.48630000e+01
1615139352.913012	1.29380900e-02	1.00000000e-04	4.29809652e-03	2.48630000e+01
1615139353.1174655	1.29371500e-02	1.00000000e-04	4.29831136e-03	2.48630000e+01
1615139353.3408728	1.29363100e-02	1.00000000e-04	4.29749160e-03	2.48630000e+01
1615139353.5472934	1.29400200e-02	1.00000000e-04	4.29764425e-03	2.48630000e+01
1615139353.7677035	1.29379200e-02	1.00000000e-04	4.29857657e-03	2.48640000e+01
1615139353.989143	1.29364900e-02	1.00000000e-04	4.29818083e-03	2.48630000e+01
1615139354.2115169	1.29374200e-02	1.00000000e-04	4.29789815e-03	2.48630000e+01
1615139354.4329524	1.29375700e-02	1.00000000e-04	4.29846915e-03	2.48630000e+01
1615139354.6543314	1.29371600e-02	1.00000000e-04	4.29807907e-03	2.48630000e+01
1615139354.8747709	1.29381700e-02	1.00000000e-04	4.29747980e-03	2.48630000e+01
1615139355.0971658	1.29370800e-02	1.00000000e-04	4.29767202e-03	2.48630000e+01
1615139355.3185847	1.29390100e-02	1.00000000e-04	4.29793773e-03	2.48640000e+01
1615139355.5389657	1.29377500e-02	1.00000000e-04	4.29797165e-03	2.48630000e+01
1615139355.7623694	1.29358900e-02	1.00000000e-04	4.29831651e-03	2.48630000e+01
1615139355.9848022	1.29383300e-02	1.00000000e-04	4.29895535e-03	2.48630000e+01
1615139356.2062104	1.29357300e-02	1.00000000e-04	4.29891037e-03	2.48630000e+01
1615139356.4275904	1.29374200e-02	1.00000000e-04	4.29805670e-03	2.48630000e+01
1615139356.648029	1.29387500e-02	1.00000000e-04	4.29771183e-03	2.48630000e+01
1615139356.869408	1.29363200e-02	1.00000000e-04	4.29823195e-03	2.48640000e+01
1615139357.0928345	1.29380000e-02	1.00000000e-04	4.29788709e-03	2.48640000e+01
1615139357.3122473	1.29363100e-02	1.00000000e-04	4.29828849e-03	2.48640000e+01
1615139357.534658	1.29379200e-02	1.00000000e-04	4.29818672e-03	2.48630000e+01
1615139357.7420979	1.29383200e-02	1.00000000e-04	4.29828849e-03	2.48640000e+01
1615139357.9635062	1.29384300e-02	1.00000000e-04	4.29861639e-03	2.48640000e+01
1615139358.1859162	1.29379100e-02	1.00000000e-04	4.29872380e-03	2.48640000e+01
1615139358.3923364	1.29370700e-02	1.00000000e-04	4.29796624e-03	2.48640000e+01
1615139358.5987844	1.29378400e-02	1.00000000e-04	4.29825425e-03	2.48640000e+01
1615139358.804235	1.29380000e-02	1.00000000e-04	4.29698788e-03	2.48650000e+01
1615139359.0086882	1.29389200e-02	1.00000000e-04	4.29819772e-03	2.48650000e+01
1615139359.2301238	1.29380900e-02	1.00000000e-04	4.29830513e-03	2.48660000e+01
1615139359.4525015	1.29376700e-02	1.00000000e-04	4.29833340e-03	2.48650000e+01
1615139359.657952	1.29385000e-02	1.00000000e-04	4.29819772e-03	2.48650000e+01
1615139359.87936	1.29376000e-02	1.00000000e-04	4.29806769e-03	2.48640000e+01
1615139360.0838132	1.29371700e-02	1.00000000e-04	4.29768325e-03	2.48640000e+01
1615139360.3052485	1.29361300e-02	1.00000000e-04	4.29777371e-03	2.48630000e+01
1615139360.5116985	1.29375800e-02	1.00000000e-04	4.29823729e-03	2.48630000e+01
1615139360.7181168	1.29380200e-02	1.00000000e-04	4.29784720e-03	2.48640000e+01
1615139360.9226015	1.29375800e-02	1.00000000e-04	4.29818076e-03	2.48640000e+01
1615139361.128021	1.29382500e-02	1.00000000e-04	4.29809394e-03	2.48640000e+01
1615139361.3344927	1.29391800e-02	1.00000000e-04	4.29823528e-03	2.48640000e+01
1615139361.5399203	1.29371600e-02	1.00000000e-04	4.29847838e-03	2.48630000e+01
1615139361.7453685	1.29376600e-02	1.00000000e-04	4.29772647e-03	2.48630000e+01
1615139361.9668055	1.29375700e-02	1.00000000e-04	4.29794695e-03	2.48640000e+01
1615139362.1892107	1.29372400e-02	1.00000000e-04	4.29820701e-03	2.48630000e+01
1615139362.3966281	1.29366500e-02	1.00000000e-04	4.29866494e-03	2.48630000e+01
1615139362.6030755	1.29369100e-02	1.00000000e-04	4.29822963e-03	2.48630000e+01
1615139362.8105488	1.29374300e-02	1.00000000e-04	4.29773778e-03	2.48630000e+01
1615139363.0180004	1.29375700e-02	1.00000000e-04	4.29800914e-03	2.48630000e+01
1615139363.2374046	1.29369900e-02	1.00000000e-04	4.29808829e-03	2.48640000e+01
1615139363.458821	1.29370800e-02	1.00000000e-04	4.29813352e-03	2.48640000e+01
1615139363.665266	1.29366300e-02	1.00000000e-04	4.29821315e-03	2.48640000e+01
