1615139835.850527	1.29384900e-02	1.00000000e-04	4.29786506e-03	2.48820000e+01
1615139836.0579731	1.29374000e-02	1.00000000e-04	4.29742409e-03	2.48810000e+01
1615139836.2624543	1.29374000e-02	1.00000000e-04	4.29954414e-03	2.48810000e+01
1615139836.4858282	1.29371500e-02	1.00000000e-04	4.29784810e-03	2.48810000e+01
1615139836.7082345	1.29374900e-02	1.00000000e-04	4.29908055e-03	2.48810000e+01
1615139836.913685	1.29371500e-02	1.00000000e-04	4.29841910e-03	2.48810000e+01
1615139837.137117	1.29372300e-02	1.00000000e-04	4.29794986e-03	2.48810000e+01
1615139837.358523	1.29355400e-02	1.00000000e-04	4.29825515e-03	2.48800000e+01
1615139837.5639737	1.29360500e-02	1.00000000e-04	4.29814208e-03	2.48810000e+01
1615139837.78635	1.29390000e-02	1.00000000e-04	4.29794986e-03	2.48810000e+01
1615139838.006793	1.29370600e-02	1.00000000e-04	4.29830037e-03	2.48810000e+01
1615139838.213238	1.29363000e-02	1.00000000e-04	4.29785375e-03	2.48810000e+01
1615139838.4176867	1.29367300e-02	1.00000000e-04	4.29817600e-03	2.48810000e+01
1615139838.6251082	1.29375800e-02	1.00000000e-04	4.29815338e-03	2.48810000e+01
1615139838.8465157	1.29389200e-02	1.00000000e-04	4.29850955e-03	2.48820000e+01
1615139839.05399	1.29363000e-02	1.00000000e-04	4.29775234e-03	2.48820000e+01
1615139839.2753987	1.29375700e-02	1.00000000e-04	4.29779757e-03	2.48820000e+01
1615139839.4968	1.29375000e-02	1.00000000e-04	4.29821027e-03	2.48820000e+01
1615139839.702257	1.29357200e-02	1.00000000e-04	4.29669514e-03	2.48810000e+01
1615139839.9216702	1.29360500e-02	1.00000000e-04	4.29838553e-03	2.48810000e+01
1615139840.1281123	1.29361300e-02	1.00000000e-04	4.29812547e-03	2.48810000e+01
1615139840.334569	1.29377500e-02	1.00000000e-04	4.29772973e-03	2.48810000e+01
1615139840.5549483	1.29369900e-02	1.00000000e-04	4.29784279e-03	2.48810000e+01
1615139840.7613955	1.29361300e-02	1.00000000e-04	4.29811981e-03	2.48810000e+01
1615139840.9668803	1.29376600e-02	1.00000000e-04	4.29843641e-03	2.48810000e+01
1615139841.1742914	1.29390900e-02	1.00000000e-04	4.29762796e-03	2.48820000e+01
1615139841.3807383	1.29375600e-02	1.00000000e-04	4.29846468e-03	2.48820000e+01
1615139841.5881836	1.29369800e-02	1.00000000e-04	4.29864498e-03	2.48830000e+01
1615139841.7946599	1.29380000e-02	1.00000000e-04	4.29805702e-03	2.48820000e+01
1615139842.0021014	1.29370700e-02	1.00000000e-04	4.29698852e-03	2.48820000e+01
1615139842.208553	1.29375800e-02	1.00000000e-04	4.29804571e-03	2.48810000e+01
1615139842.4159987	1.29369000e-02	1.00000000e-04	4.29846972e-03	2.48810000e+01
1615139842.6383755	1.29368100e-02	1.00000000e-04	4.29872978e-03	2.48810000e+01
1615139842.8458211	1.29369000e-02	1.00000000e-04	4.29809094e-03	2.48820000e+01
1615139843.0522683	1.29369900e-02	1.00000000e-04	4.29752560e-03	2.48820000e+01
1615139843.258716	1.29377400e-02	1.00000000e-04	4.29732772e-03	2.48830000e+01
1615139843.464206	1.29371500e-02	1.00000000e-04	4.29796091e-03	2.48830000e+01
1615139843.6716132	1.29371500e-02	1.00000000e-04	4.29770085e-03	2.48830000e+01
1615139843.8780887	1.29385100e-02	1.00000000e-04	4.29853191e-03	2.48830000e+01
1615139844.0994966	1.29387500e-02	1.00000000e-04	4.29738485e-03	2.48830000e+01
1615139844.305917	1.29368000e-02	1.00000000e-04	4.29802935e-03	2.48820000e+01
1615139844.5093718	1.29375700e-02	1.00000000e-04	4.29823287e-03	2.48820000e+01
1615139844.7307806	1.29379400e-02	1.00000000e-04	4.29817068e-03	2.48830000e+01
1615139844.9542127	1.29377400e-02	1.00000000e-04	4.29839117e-03	2.48820000e+01
1615139845.1586692	1.29392500e-02	1.00000000e-04	4.29754880e-03	2.48820000e+01
1615139845.3641145	1.29385900e-02	1.00000000e-04	4.29882083e-03	2.48830000e+01
1615139845.5705574	1.29372300e-02	1.00000000e-04	4.29944837e-03	2.48820000e+01
1615139845.7939365	1.29368200e-02	1.00000000e-04	4.29832333e-03	2.48820000e+01
1615139846.0163705	1.29367300e-02	1.00000000e-04	4.29890563e-03	2.48830000e+01
1615139846.220795	1.29375700e-02	1.00000000e-04	4.29859469e-03	2.48820000e+01
1615139846.4422028	1.29371500e-02	1.00000000e-04	4.29826679e-03	2.48830000e+01
1615139846.648652	1.29379100e-02	1.00000000e-04	4.29818450e-03	2.48830000e+01
1615139846.8541026	1.29382500e-02	1.00000000e-04	4.29780572e-03	2.48820000e+01
1615139847.0605822	1.29375700e-02	1.00000000e-04	4.29850109e-03	2.48820000e+01
1615139847.2839844	1.29367300e-02	1.00000000e-04	4.29857459e-03	2.48820000e+01
1615139847.504393	1.29368000e-02	1.00000000e-04	4.29777745e-03	2.48810000e+01
1615139847.7088397	1.29380000e-02	1.00000000e-04	4.29731952e-03	2.48820000e+01
1615139847.9142976	1.29395900e-02	1.00000000e-04	4.29797532e-03	2.48820000e+01
1615139848.1207452	1.29382400e-02	1.00000000e-04	4.29803751e-03	2.48810000e+01
1615139848.3431435	1.29373300e-02	1.00000000e-04	4.29843891e-03	2.48820000e+01
1615139848.549568	1.29361400e-02	1.00000000e-04	4.29831453e-03	2.48830000e+01
1615139848.7560165	1.29378100e-02	1.00000000e-04	4.29842194e-03	2.48830000e+01
1615139848.961467	1.29393300e-02	1.00000000e-04	4.29789617e-03	2.48820000e+01
1615139849.1838713	1.29372300e-02	1.00000000e-04	4.29887422e-03	2.48830000e+01
1615139849.4063084	1.29369800e-02	1.00000000e-04	4.29763046e-03	2.48830000e+01
1615139849.6117282	1.29368100e-02	1.00000000e-04	4.29802055e-03	2.48830000e+01
1615139849.832167	1.29385800e-02	1.00000000e-04	4.29809404e-03	2.48830000e+01
1615139850.0386145	1.29369900e-02	1.00000000e-04	4.29874985e-03	2.48830000e+01
1615139850.2460308	1.29367200e-02	1.00000000e-04	4.29856328e-03	2.48830000e+01
1615139850.4524786	1.29377300e-02	1.00000000e-04	4.29879507e-03	2.48830000e+01
1615139850.6739159	1.29374800e-02	1.00000000e-04	4.29824103e-03	2.48830000e+01
1615139850.8952954	1.29368100e-02	1.00000000e-04	4.29751739e-03	2.48830000e+01
1615139851.1027668	1.29371400e-02	1.00000000e-04	4.29737605e-03	2.48820000e+01
1615139851.3241477	1.29371400e-02	1.00000000e-04	4.29745520e-03	2.48820000e+01
1615139851.5296283	1.29393400e-02	1.00000000e-04	4.29709880e-03	2.48820000e+01
1615139851.7340515	1.29367200e-02	1.00000000e-04	4.29783375e-03	2.48810000e+01
1615139851.9414968	1.29376600e-02	1.00000000e-04	4.29814469e-03	2.48820000e+01
1615139852.1489432	1.29374000e-02	1.00000000e-04	4.29922450e-03	2.48820000e+01
1615139852.370351	1.29372300e-02	1.00000000e-04	4.29904925e-03	2.48810000e+01
1615139852.589764	1.29371500e-02	1.00000000e-04	4.29802032e-03	2.48810000e+01
1615139852.7962396	1.29384100e-02	1.00000000e-04	4.29766415e-03	2.48810000e+01
1615139853.0176194	1.29379000e-02	1.00000000e-04	4.29818992e-03	2.48820000e+01
1615139853.2250953	1.29377400e-02	1.00000000e-04	4.29844998e-03	2.48810000e+01
1615139853.4325097	1.29376400e-02	1.00000000e-04	4.29812208e-03	2.48810000e+01
1615139853.637975	1.29365500e-02	1.00000000e-04	4.29737017e-03	2.48810000e+01
1615139853.8603938	1.29362900e-02	1.00000000e-04	4.29738148e-03	2.48820000e+01
1615139854.080777	1.29384200e-02	1.00000000e-04	4.29687984e-03	2.48810000e+01
1615139854.288223	1.29384000e-02	1.00000000e-04	4.29760914e-03	2.48810000e+01
1615139854.4946692	1.29373200e-02	1.00000000e-04	4.29891509e-03	2.48810000e+01
1615139854.7011182	1.29380700e-02	1.00000000e-04	4.29739996e-03	2.48810000e+01
1615139854.9085932	1.29379900e-02	1.00000000e-04	4.29927691e-03	2.48820000e+01
1615139855.114014	1.29377500e-02	1.00000000e-04	4.29860415e-03	2.48820000e+01
1615139855.3214598	1.29382400e-02	1.00000000e-04	4.29891509e-03	2.48820000e+01
1615139855.542895	1.29377300e-02	1.00000000e-04	4.29867199e-03	2.48830000e+01
1615139855.7503412	1.29377400e-02	1.00000000e-04	4.29781266e-03	2.48820000e+01
1615139855.9707458	1.29368200e-02	1.00000000e-04	4.29747911e-03	2.48820000e+01
1615139856.17717	1.29381600e-02	1.00000000e-04	4.29833278e-03	2.48820000e+01
1615139856.3836527	1.29377300e-02	1.00000000e-04	4.29824798e-03	2.48810000e+01
1615139856.5880723	1.29377400e-02	1.00000000e-04	4.29895824e-03	2.48820000e+01
1615139856.794519	1.29379000e-02	1.00000000e-04	4.29764664e-03	2.48820000e+01
1615139857.0009675	1.29368000e-02	1.00000000e-04	4.29816110e-03	2.48820000e+01
1615139857.208436	1.29376500e-02	1.00000000e-04	4.29781059e-03	2.48820000e+01
1615139857.4148886	1.29361200e-02	1.00000000e-04	4.29868688e-03	2.48830000e+01
1615139857.6213093	1.29389300e-02	1.00000000e-04	4.29825721e-03	2.48830000e+01
1615139857.8437142	1.29370600e-02	1.00000000e-04	4.29816110e-03	2.48820000e+01
1615139858.0641248	1.29372300e-02	1.00000000e-04	4.29818372e-03	2.48810000e+01
1615139858.267581	1.29368900e-02	1.00000000e-04	4.29817807e-03	2.48810000e+01
1615139858.4710362	1.29368000e-02	1.00000000e-04	4.29760141e-03	2.48810000e+01
1615139858.6924682	1.29376600e-02	1.00000000e-04	4.29755053e-03	2.48810000e+01
1615139858.9148488	1.29379000e-02	1.00000000e-04	4.29654987e-03	2.48810000e+01
1615139859.1222973	1.29363100e-02	1.00000000e-04	4.29847180e-03	2.48820000e+01
1615139859.344723	1.29378200e-02	1.00000000e-04	4.29810998e-03	2.48820000e+01
1615139859.5491817	1.29370800e-02	1.00000000e-04	4.29738068e-03	2.48820000e+01
1615139859.7705615	1.29376600e-02	1.00000000e-04	4.29820044e-03	2.48820000e+01
1615139859.9760122	1.29371700e-02	1.00000000e-04	4.29796864e-03	2.48820000e+01
1615139860.1814628	1.29379300e-02	1.00000000e-04	4.29726761e-03	2.48820000e+01
1615139860.3869123	1.29374100e-02	1.00000000e-04	4.29820044e-03	2.48820000e+01
1615139860.607324	1.29359700e-02	1.00000000e-04	4.29809867e-03	2.48820000e+01
1615139860.8127992	1.29365600e-02	1.00000000e-04	4.29810998e-03	2.48820000e+01
1615139861.01825	1.29379900e-02	1.00000000e-04	4.29781600e-03	2.48820000e+01
1615139861.2246733	1.29375600e-02	1.00000000e-04	4.29739199e-03	2.48810000e+01
1615139861.4451125	1.29365600e-02	1.00000000e-04	4.29754099e-03	2.48820000e+01
1615139861.6515305	1.29380700e-02	1.00000000e-04	4.29867168e-03	2.48820000e+01
1615139861.873937	1.29367200e-02	1.00000000e-04	4.29799892e-03	2.48820000e+01
1615139862.0953696	1.29362200e-02	1.00000000e-04	4.29833813e-03	2.48820000e+01
1615139862.3008232	1.29366400e-02	1.00000000e-04	4.29833813e-03	2.48820000e+01
1615139862.5212064	1.29367200e-02	1.00000000e-04	4.29782932e-03	2.48830000e+01
1615139862.7416413	1.29363100e-02	1.00000000e-04	4.29834944e-03	2.48830000e+01
1615139862.9480646	1.29363000e-02	1.00000000e-04	4.29718482e-03	2.48830000e+01
1615139863.1694949	1.29368100e-02	1.00000000e-04	4.29803284e-03	2.48830000e+01
1615139863.375919	1.29360500e-02	1.00000000e-04	4.29764841e-03	2.48840000e+01
1615139863.5823684	1.29363100e-02	1.00000000e-04	4.29847381e-03	2.48850000e+01
1615139863.788816	1.29369800e-02	1.00000000e-04	4.29818548e-03	2.48850000e+01
1615139863.9962614	1.29390000e-02	1.00000000e-04	4.29720395e-03	2.48860000e+01
1615139864.216672	1.29389900e-02	1.00000000e-04	4.29679124e-03	2.48850000e+01
1615139864.4400735	1.29379900e-02	1.00000000e-04	4.29836291e-03	2.48850000e+01
1615139864.660485	1.29366400e-02	1.00000000e-04	4.29854947e-03	2.48850000e+01
1615139864.8679528	1.29372300e-02	1.00000000e-04	4.29771276e-03	2.48840000e+01
1615139865.0744011	1.29376600e-02	1.00000000e-04	4.29901871e-03	2.48830000e+01
1615139865.2798564	1.29391800e-02	1.00000000e-04	4.29788802e-03	2.48830000e+01
1615139865.485309	1.29393300e-02	1.00000000e-04	4.29821027e-03	2.48830000e+01
1615139865.6887367	1.29375700e-02	1.00000000e-04	4.29805197e-03	2.48830000e+01
1615139865.8931875	1.29365600e-02	1.00000000e-04	4.29849859e-03	2.48830000e+01
1615139866.1155927	1.29371500e-02	1.00000000e-04	4.29760534e-03	2.48820000e+01
1615139866.3370006	1.29381600e-02	1.00000000e-04	4.29831768e-03	2.48820000e+01
1615139866.5424526	1.29372300e-02	1.00000000e-04	4.29847331e-03	2.48810000e+01
1615139866.7489288	1.29366400e-02	1.00000000e-04	4.29775532e-03	2.48800000e+01
1615139866.954351	1.29370800e-02	1.00000000e-04	4.29778924e-03	2.48810000e+01
1615139867.1607976	1.29386700e-02	1.00000000e-04	4.29777794e-03	2.48820000e+01
1615139867.3662496	1.29379100e-02	1.00000000e-04	4.29799277e-03	2.48820000e+01
1615139867.572726	1.29388300e-02	1.00000000e-04	4.29796450e-03	2.48820000e+01
1615139867.7771506	1.29382400e-02	1.00000000e-04	4.29745004e-03	2.48820000e+01
1615139868.000585	1.29358800e-02	1.00000000e-04	4.29720694e-03	2.48810000e+01
1615139868.2229583	1.29375700e-02	1.00000000e-04	4.29760833e-03	2.48820000e+01
1615139868.4453952	1.29358800e-02	1.00000000e-04	4.29799277e-03	2.48810000e+01
1615139868.6518106	1.29389900e-02	1.00000000e-04	4.29719563e-03	2.48810000e+01
1615139868.871224	1.29374200e-02	1.00000000e-04	4.29741046e-03	2.48810000e+01
1615139869.0776727	1.29363000e-02	1.00000000e-04	4.29757205e-03	2.48810000e+01
1615139869.2980833	1.29380800e-02	1.00000000e-04	4.29873101e-03	2.48810000e+01
1615139869.5035634	1.29377200e-02	1.00000000e-04	4.29810348e-03	2.48810000e+01
1615139869.721979	1.29370700e-02	1.00000000e-04	4.29702367e-03	2.48800000e+01
1615139869.9443538	1.29371500e-02	1.00000000e-04	4.29764555e-03	2.48800000e+01
1615139870.150833	1.29371600e-02	1.00000000e-04	4.29762293e-03	2.48810000e+01
1615139870.3562524	1.29376600e-02	1.00000000e-04	4.29718196e-03	2.48810000e+01
1615139870.5627303	1.29367200e-02	1.00000000e-04	4.29839180e-03	2.48820000e+01
1615139870.7821424	1.29369800e-02	1.00000000e-04	4.29769643e-03	2.48810000e+01
1615139870.9895885	1.29377400e-02	1.00000000e-04	4.29837484e-03	2.48810000e+01
1615139871.210968	1.29378300e-02	1.00000000e-04	4.29805825e-03	2.48810000e+01
1615139871.4164186	1.29374000e-02	1.00000000e-04	4.29748149e-03	2.48820000e+01
1615139871.6378264	1.29380000e-02	1.00000000e-04	4.29796769e-03	2.48820000e+01
1615139871.843277	1.29368000e-02	1.00000000e-04	4.29912099e-03	2.48820000e+01
1615139872.0666785	1.29374000e-02	1.00000000e-04	4.29831255e-03	2.48820000e+01
1615139872.2890837	1.29373400e-02	1.00000000e-04	4.29744192e-03	2.48810000e+01
1615139872.51152	1.29372400e-02	1.00000000e-04	4.29800726e-03	2.48820000e+01
1615139872.7189353	1.29379900e-02	1.00000000e-04	4.29671827e-03	2.48810000e+01
1615139872.9393687	1.29372400e-02	1.00000000e-04	4.29768501e-03	2.48820000e+01
1615139873.1457937	1.29368800e-02	1.00000000e-04	4.29741365e-03	2.48820000e+01
1615139873.3662324	1.29377400e-02	1.00000000e-04	4.29780939e-03	2.48820000e+01
1615139873.58861	1.29368100e-02	1.00000000e-04	4.29795073e-03	2.48820000e+01
1615139873.80902	1.29365500e-02	1.00000000e-04	4.29856695e-03	2.48810000e+01
1615139874.0144699	1.29377500e-02	1.00000000e-04	4.29785438e-03	2.48800000e+01
1615139874.2209458	1.29378200e-02	1.00000000e-04	4.29759997e-03	2.48810000e+01
1615139874.4433467	1.29356200e-02	1.00000000e-04	4.29829534e-03	2.48800000e+01
1615139874.6637585	1.29369000e-02	1.00000000e-04	4.29796179e-03	2.48810000e+01
1615139874.870211	1.29377500e-02	1.00000000e-04	4.29752082e-03	2.48800000e+01
1615139875.075633	1.29388200e-02	1.00000000e-04	4.29757736e-03	2.48800000e+01
1615139875.2820811	1.29374900e-02	1.00000000e-04	4.29794483e-03	2.48800000e+01
1615139875.4895263	1.29367300e-02	1.00000000e-04	4.29869109e-03	2.48810000e+01
1615139875.6940022	1.29383300e-02	1.00000000e-04	4.29753778e-03	2.48800000e+01
1615139875.9144235	1.29369700e-02	1.00000000e-04	4.29821054e-03	2.48810000e+01
1615139876.1218352	1.29363100e-02	1.00000000e-04	4.29835753e-03	2.48810000e+01
1615139876.3442698	1.29376600e-02	1.00000000e-04	4.29864586e-03	2.48810000e+01
1615139876.5487213	1.29370600e-02	1.00000000e-04	4.29821620e-03	2.48810000e+01
1615139876.7721245	1.29375700e-02	1.00000000e-04	4.29835753e-03	2.48800000e+01
1615139876.97957	1.29367200e-02	1.00000000e-04	4.29748690e-03	2.48800000e+01
1615139877.1839948	1.29374900e-02	1.00000000e-04	4.29790526e-03	2.48810000e+01
1615139877.4064276	1.29361300e-02	1.00000000e-04	4.29829534e-03	2.48810000e+01
1615139877.612848	1.29376600e-02	1.00000000e-04	4.29708550e-03	2.48810000e+01
1615139877.8202934	1.29374900e-02	1.00000000e-04	4.29780915e-03	2.48820000e+01
1615139878.0397365	1.29364800e-02	1.00000000e-04	4.29841972e-03	2.48820000e+01
1615139878.2611144	1.29370700e-02	1.00000000e-04	4.29764520e-03	2.48820000e+01
1615139878.4675624	1.29373900e-02	1.00000000e-04	4.29828969e-03	2.48820000e+01
1615139878.674011	1.29370700e-02	1.00000000e-04	4.29850452e-03	2.48820000e+01
1615139878.8784628	1.29379900e-02	1.00000000e-04	4.29769673e-03	2.48820000e+01
