1615140819.2282481	1.29423500e-02	1.00000000e-04	4.29936164e-03	2.49250000e+01
1615140819.4346676	1.29420200e-02	1.00000000e-04	4.29933337e-03	2.49260000e+01
1615140819.639122	1.29418400e-02	1.00000000e-04	4.29880245e-03	2.49260000e+01
1615140819.8595598	1.29415900e-02	1.00000000e-04	4.29986530e-03	2.49260000e+01
1615140820.0660026	1.29424300e-02	1.00000000e-04	4.29920949e-03	2.49260000e+01
1615140820.2714295	1.29429500e-02	1.00000000e-04	4.29872895e-03	2.49250000e+01
1615140820.4769115	1.29424400e-02	1.00000000e-04	4.29901162e-03	2.49250000e+01
1615140820.6843257	1.29418300e-02	1.00000000e-04	4.29976919e-03	2.49260000e+01
1615140820.8897762	1.29421000e-02	1.00000000e-04	4.29956566e-03	2.49260000e+01
1615140821.0972502	1.29400700e-02	1.00000000e-04	4.30022146e-03	2.49260000e+01
1615140821.3036978	1.29423500e-02	1.00000000e-04	4.29861588e-03	2.49260000e+01
1615140821.5241108	1.29417500e-02	1.00000000e-04	4.29882506e-03	2.49260000e+01
1615140821.730557	1.29417700e-02	1.00000000e-04	4.29987660e-03	2.49260000e+01
1615140821.9369898	1.29421900e-02	1.00000000e-04	4.29903989e-03	2.49260000e+01
1615140822.1424263	1.29409200e-02	1.00000000e-04	4.29911588e-03	2.49270000e+01
1615140822.3658288	1.29415800e-02	1.00000000e-04	4.29865230e-03	2.49270000e+01
1615140822.5733027	1.29401600e-02	1.00000000e-04	4.29801346e-03	2.49270000e+01
1615140822.779722	1.29416000e-02	1.00000000e-04	4.29925157e-03	2.49280000e+01
1615140822.98617	1.29426900e-02	1.00000000e-04	4.29844312e-03	2.49270000e+01
1615140823.209574	1.29408300e-02	1.00000000e-04	4.29958512e-03	2.49280000e+01
1615140823.431978	1.29424400e-02	1.00000000e-04	4.29919503e-03	2.49270000e+01
1615140823.6543832	1.29406600e-02	1.00000000e-04	4.29893497e-03	2.49260000e+01
1615140823.8618293	1.29418500e-02	1.00000000e-04	4.29824525e-03	2.49260000e+01
1615140824.069297	1.29423500e-02	1.00000000e-04	4.29923461e-03	2.49250000e+01
1615140824.2757463	1.29416800e-02	1.00000000e-04	4.29911023e-03	2.49250000e+01
1615140824.4821942	1.29402500e-02	1.00000000e-04	4.29904239e-03	2.49260000e+01
1615140824.7016115	1.29412600e-02	1.00000000e-04	4.29916410e-03	2.49260000e+01
1615140824.909029	1.29424400e-02	1.00000000e-04	4.29906799e-03	2.49260000e+01
1615140825.1135213	1.29409100e-02	1.00000000e-04	4.29914149e-03	2.49260000e+01
1615140825.3199291	1.29407500e-02	1.00000000e-04	4.29894927e-03	2.49260000e+01
1615140825.5264058	1.29408300e-02	1.00000000e-04	4.29983686e-03	2.49250000e+01
1615140825.733851	1.29419300e-02	1.00000000e-04	4.29965030e-03	2.49250000e+01
1615140825.9392729	1.29404200e-02	1.00000000e-04	4.29978033e-03	2.49250000e+01
1615140826.1616793	1.29411900e-02	1.00000000e-04	4.30020999e-03	2.49250000e+01
1615140826.382119	1.29424400e-02	1.00000000e-04	4.29888708e-03	2.49250000e+01
1615140826.5875404	1.29394800e-02	1.00000000e-04	4.29922063e-03	2.49260000e+01
1615140826.807979	1.29403300e-02	1.00000000e-04	4.29888708e-03	2.49260000e+01
1615140827.014399	1.29418600e-02	1.00000000e-04	4.30036263e-03	2.49260000e+01
1615140827.236803	1.29419300e-02	1.00000000e-04	4.29776441e-03	2.49270000e+01
1615140827.4422555	1.29403400e-02	1.00000000e-04	4.29862939e-03	2.49270000e+01
1615140827.6636846	1.29415200e-02	1.00000000e-04	4.29889511e-03	2.49270000e+01
1615140827.8711078	1.29426100e-02	1.00000000e-04	4.29951699e-03	2.49270000e+01
1615140828.076586	1.29414100e-02	1.00000000e-04	4.30034239e-03	2.49260000e+01
1615140828.2810106	1.29426900e-02	1.00000000e-04	4.29897991e-03	2.49250000e+01
1615140828.5024188	1.29428500e-02	1.00000000e-04	4.29884988e-03	2.49250000e+01
1615140828.7088666	1.29401500e-02	1.00000000e-04	4.30011060e-03	2.49250000e+01
1615140828.916313	1.29429400e-02	1.00000000e-04	4.30015017e-03	2.49250000e+01
1615140829.1217635	1.29420900e-02	1.00000000e-04	4.29914951e-03	2.49260000e+01
1615140829.3292365	1.29417600e-02	1.00000000e-04	4.29940957e-03	2.49260000e+01
1615140829.5516143	1.29419400e-02	1.00000000e-04	4.29911559e-03	2.49270000e+01
1615140829.7580607	1.29415900e-02	1.00000000e-04	4.29925152e-03	2.49270000e+01
1615140829.9645092	1.29424400e-02	1.00000000e-04	4.29960203e-03	2.49270000e+01
1615140830.1849194	1.29421000e-02	1.00000000e-04	4.29996951e-03	2.49270000e+01
1615140830.4083219	1.29409200e-02	1.00000000e-04	4.29936459e-03	2.49270000e+01
1615140830.6157696	1.29424300e-02	1.00000000e-04	4.29874271e-03	2.49270000e+01
1615140830.8212178	1.29421800e-02	1.00000000e-04	4.29891231e-03	2.49260000e+01
1615140831.0416596	1.29421100e-02	1.00000000e-04	4.29784946e-03	2.49260000e+01
1615140831.2491035	1.29421800e-02	1.00000000e-04	4.29936459e-03	2.49270000e+01
1615140831.4545631	1.29408300e-02	1.00000000e-04	4.30032002e-03	2.49270000e+01
1615140831.6769307	1.29411600e-02	1.00000000e-04	4.29913845e-03	2.49270000e+01
1615140831.883406	1.29419400e-02	1.00000000e-04	4.29894058e-03	2.49270000e+01
1615140832.0898538	1.29425900e-02	1.00000000e-04	4.29915541e-03	2.49260000e+01
1615140832.2973008	1.29417700e-02	1.00000000e-04	4.29902538e-03	2.49260000e+01
1615140832.5017533	1.29420900e-02	1.00000000e-04	4.29934197e-03	2.49270000e+01
1615140832.708203	1.29406500e-02	1.00000000e-04	4.29918368e-03	2.49260000e+01
1615140832.9146485	1.29428500e-02	1.00000000e-04	4.29895188e-03	2.49250000e+01
1615140833.1211026	1.29425100e-02	1.00000000e-04	4.29899711e-03	2.49260000e+01
1615140833.325521	1.29421900e-02	1.00000000e-04	4.29925717e-03	2.49250000e+01
1615140833.5329683	1.29421000e-02	1.00000000e-04	4.29917802e-03	2.49260000e+01
1615140833.752408	1.29430200e-02	1.00000000e-04	4.29970379e-03	2.49260000e+01
1615140833.9747846	1.29427600e-02	1.00000000e-04	4.29939285e-03	2.49250000e+01
1615140834.1802638	1.29419200e-02	1.00000000e-04	4.30020130e-03	2.49260000e+01
1615140834.4016738	1.29419300e-02	1.00000000e-04	4.29895188e-03	2.49250000e+01
1615140834.6080918	1.29426100e-02	1.00000000e-04	4.29887517e-03	2.49250000e+01
1615140834.8125722	1.29422700e-02	1.00000000e-04	4.29908435e-03	2.49260000e+01
1615140835.017024	1.29423500e-02	1.00000000e-04	4.29947443e-03	2.49260000e+01
1615140835.2214508	1.29422600e-02	1.00000000e-04	4.29943486e-03	2.49260000e+01
1615140835.4288971	1.29415900e-02	1.00000000e-04	4.29972884e-03	2.49260000e+01
1615140835.6363413	1.29419300e-02	1.00000000e-04	4.29976276e-03	2.49260000e+01
1615140835.8438163	1.29415800e-02	1.00000000e-04	4.29926526e-03	2.49260000e+01
1615140836.048241	1.29415000e-02	1.00000000e-04	4.29888647e-03	2.49260000e+01
1615140836.2556863	1.29415100e-02	1.00000000e-04	4.29909000e-03	2.49260000e+01
1615140836.4611356	1.29419200e-02	1.00000000e-04	4.29949139e-03	2.49260000e+01
1615140836.6656206	1.29420100e-02	1.00000000e-04	4.29984756e-03	2.49260000e+01
1615140836.8730352	1.29423500e-02	1.00000000e-04	4.29897128e-03	2.49260000e+01
1615140837.079512	1.29420200e-02	1.00000000e-04	4.29966093e-03	2.49260000e+01
1615140837.285931	1.29423500e-02	1.00000000e-04	4.29939521e-03	2.49260000e+01
1615140837.5093324	1.29409100e-02	1.00000000e-04	4.29915777e-03	2.49250000e+01
1615140837.7317376	1.29419300e-02	1.00000000e-04	4.29939521e-03	2.49240000e+01
1615140837.9541724	1.29424400e-02	1.00000000e-04	4.29936129e-03	2.49250000e+01
1615140838.1596265	1.29412600e-02	1.00000000e-04	4.29941783e-03	2.49250000e+01
1615140838.3810024	1.29410900e-02	1.00000000e-04	4.29923692e-03	2.49260000e+01
1615140838.5844574	1.29417600e-02	1.00000000e-04	4.29959308e-03	2.49270000e+01
1615140838.8068635	1.29415100e-02	1.00000000e-04	4.29910689e-03	2.49260000e+01
1615140839.0133348	1.29408400e-02	1.00000000e-04	4.29889206e-03	2.49260000e+01
1615140839.2197597	1.29423500e-02	1.00000000e-04	4.29893728e-03	2.49260000e+01
1615140839.4242358	1.29423500e-02	1.00000000e-04	4.29872245e-03	2.49260000e+01
1615140839.6286926	1.29417600e-02	1.00000000e-04	4.29802697e-03	2.49260000e+01
1615140839.8331468	1.29408300e-02	1.00000000e-04	4.29821919e-03	2.49260000e+01
1615140840.0385947	1.29418500e-02	1.00000000e-04	4.29907286e-03	2.49260000e+01
1615140840.2440488	1.29415900e-02	1.00000000e-04	4.29911809e-03	2.49260000e+01
1615140840.4664533	1.29415800e-02	1.00000000e-04	4.29950818e-03	2.49260000e+01
1615140840.6888604	1.29422600e-02	1.00000000e-04	4.29934988e-03	2.49260000e+01
1615140840.895307	1.29417700e-02	1.00000000e-04	4.29877323e-03	2.49260000e+01
1615140841.1167164	1.29408200e-02	1.00000000e-04	4.29944033e-03	2.49260000e+01
1615140841.3221605	1.29417600e-02	1.00000000e-04	4.29920854e-03	2.49260000e+01
1615140841.5435443	1.29415000e-02	1.00000000e-04	4.29889760e-03	2.49260000e+01
1615140841.7649758	1.29408400e-02	1.00000000e-04	4.29919724e-03	2.49250000e+01
1615140841.9704041	1.29410100e-02	1.00000000e-04	4.29903329e-03	2.49260000e+01
1615140842.1888535	1.29408300e-02	1.00000000e-04	4.29888846e-03	2.49260000e+01
1615140842.4102576	1.29415200e-02	1.00000000e-04	4.29887150e-03	2.49250000e+01
1615140842.6316674	1.29422800e-02	1.00000000e-04	4.29827224e-03	2.49250000e+01
1615140842.8530736	1.29420900e-02	1.00000000e-04	4.29903545e-03	2.49250000e+01
1615140843.073453	1.29424400e-02	1.00000000e-04	4.29906937e-03	2.49250000e+01
1615140843.2958584	1.29417600e-02	1.00000000e-04	4.29953296e-03	2.49250000e+01
1615140843.517295	1.29420200e-02	1.00000000e-04	4.29909764e-03	2.49260000e+01
1615140843.7387028	1.29426000e-02	1.00000000e-04	4.29930117e-03	2.49260000e+01
1615140843.9610996	1.29415100e-02	1.00000000e-04	4.29891673e-03	2.49250000e+01
1615140844.1675513	1.29415900e-02	1.00000000e-04	4.29934074e-03	2.49250000e+01
1615140844.3740056	1.29403200e-02	1.00000000e-04	4.29909764e-03	2.49250000e+01
1615140844.5794258	1.29421700e-02	1.00000000e-04	4.29849887e-03	2.49250000e+01
1615140844.7849057	1.29422500e-02	1.00000000e-04	4.29841972e-03	2.49240000e+01
1615140844.990357	1.29415100e-02	1.00000000e-04	4.29891723e-03	2.49250000e+01
1615140845.196775	1.29425200e-02	1.00000000e-04	4.29834623e-03	2.49260000e+01
1615140845.4042497	1.29422800e-02	1.00000000e-04	4.29895680e-03	2.49260000e+01
1615140845.6096709	1.29431000e-02	1.00000000e-04	4.29917729e-03	2.49250000e+01
1615140845.8310797	1.29420100e-02	1.00000000e-04	4.29959564e-03	2.49260000e+01
1615140846.0375552	1.29423500e-02	1.00000000e-04	4.29909249e-03	2.49260000e+01
1615140846.2579699	1.29421000e-02	1.00000000e-04	4.29982744e-03	2.49260000e+01
1615140846.4803736	1.29423500e-02	1.00000000e-04	4.29947127e-03	2.49260000e+01
1615140846.70178	1.29423500e-02	1.00000000e-04	4.29805225e-03	2.49250000e+01
1615140846.9241881	1.29420100e-02	1.00000000e-04	4.29882677e-03	2.49250000e+01
1615140847.1316018	1.29415100e-02	1.00000000e-04	4.29913358e-03	2.49250000e+01
1615140847.3380492	1.29421000e-02	1.00000000e-04	4.29920142e-03	2.49250000e+01
1615140847.5454946	1.29415900e-02	1.00000000e-04	4.29967631e-03	2.49250000e+01
1615140847.7689266	1.29404200e-02	1.00000000e-04	4.29880002e-03	2.49250000e+01
1615140847.9893084	1.29417600e-02	1.00000000e-04	4.29894136e-03	2.49260000e+01
1615140848.194798	1.29413400e-02	1.00000000e-04	4.29916750e-03	2.49260000e+01
1615140848.4012058	1.29403200e-02	1.00000000e-04	4.29866434e-03	2.49260000e+01
1615140848.6056588	1.29411700e-02	1.00000000e-04	4.30046779e-03	2.49250000e+01
1615140848.8101125	1.29416000e-02	1.00000000e-04	4.29920707e-03	2.49250000e+01
1615140849.0175977	1.29421100e-02	1.00000000e-04	4.29901485e-03	2.49250000e+01
1615140849.2240055	1.29415800e-02	1.00000000e-04	4.29815553e-03	2.49250000e+01
1615140849.4454134	1.29414300e-02	1.00000000e-04	4.29899224e-03	2.49250000e+01
1615140849.6518624	1.29419400e-02	1.00000000e-04	4.29798769e-03	2.49250000e+01
1615140849.8702965	1.29422600e-02	1.00000000e-04	4.29957066e-03	2.49250000e+01
1615140850.0767574	1.29418400e-02	1.00000000e-04	4.29876787e-03	2.49250000e+01
1615140850.2812073	1.29409200e-02	1.00000000e-04	4.29912969e-03	2.49250000e+01
1615140850.4876595	1.29399100e-02	1.00000000e-04	4.29897704e-03	2.49250000e+01
1615140850.7080379	1.29411700e-02	1.00000000e-04	4.29890920e-03	2.49250000e+01
1615140850.9144857	1.29411000e-02	1.00000000e-04	4.29898835e-03	2.49260000e+01
1615140851.133898	1.29411800e-02	1.00000000e-04	4.29920318e-03	2.49260000e+01
1615140851.3383853	1.29420100e-02	1.00000000e-04	4.29932191e-03	2.49260000e+01
1615140851.557767	1.29410100e-02	1.00000000e-04	4.29847389e-03	2.49270000e+01
1615140851.7652388	1.29409200e-02	1.00000000e-04	4.29880179e-03	2.49270000e+01
1615140851.9846466	1.29420200e-02	1.00000000e-04	4.29901072e-03	2.49270000e+01
1615140852.1900735	1.29396600e-02	1.00000000e-04	4.29838884e-03	2.49260000e+01
1615140852.3945267	1.29416000e-02	1.00000000e-04	4.29806659e-03	2.49260000e+01
1615140852.6019723	1.29412700e-02	1.00000000e-04	4.29851887e-03	2.49260000e+01
1615140852.822414	1.29410800e-02	1.00000000e-04	4.29876762e-03	2.49260000e+01
1615140853.0298278	1.29397400e-02	1.00000000e-04	4.29827012e-03	2.49260000e+01
1615140853.234314	1.29423500e-02	1.00000000e-04	4.29849626e-03	2.49260000e+01
1615140853.4407606	1.29405800e-02	1.00000000e-04	4.29903334e-03	2.49260000e+01
1615140853.660167	1.29418600e-02	1.00000000e-04	4.29815705e-03	2.49250000e+01
1615140853.8675876	1.29418300e-02	1.00000000e-04	4.29917467e-03	2.49250000e+01
1615140854.089994	1.29420100e-02	1.00000000e-04	4.29890331e-03	2.49250000e+01
1615140854.2974675	1.29396500e-02	1.00000000e-04	4.29927078e-03	2.49250000e+01
1615140854.5018935	1.29421900e-02	1.00000000e-04	4.29841047e-03	2.49240000e+01
1615140854.7063737	1.29404100e-02	1.00000000e-04	4.29934329e-03	2.49250000e+01
1615140854.925759	1.29419300e-02	1.00000000e-04	4.29915673e-03	2.49250000e+01
1615140855.148163	1.29404000e-02	1.00000000e-04	4.29907192e-03	2.49250000e+01
1615140855.3686104	1.29421900e-02	1.00000000e-04	4.29924718e-03	2.49260000e+01
1615140855.5740254	1.29415000e-02	1.00000000e-04	4.29928676e-03	2.49260000e+01
1615140855.7814693	1.29400700e-02	1.00000000e-04	4.29930372e-03	2.49260000e+01
1615140856.0018806	1.29417700e-02	1.00000000e-04	4.29876098e-03	2.49250000e+01
1615140856.2222908	1.29421000e-02	1.00000000e-04	4.29820695e-03	2.49250000e+01
1615140856.4277425	1.29413300e-02	1.00000000e-04	4.29975599e-03	2.49250000e+01
1615140856.6491795	1.29416700e-02	1.00000000e-04	4.29830871e-03	2.49250000e+01
1615140856.8695834	1.29425300e-02	1.00000000e-04	4.29880056e-03	2.49240000e+01
1615140857.091965	1.29405000e-02	1.00000000e-04	4.29943754e-03	2.49240000e+01
1615140857.3154001	1.29418300e-02	1.00000000e-04	4.29828424e-03	2.49250000e+01
1615140857.533813	1.29413300e-02	1.00000000e-04	4.29895700e-03	2.49240000e+01
1615140857.7542229	1.29398100e-02	1.00000000e-04	4.29934143e-03	2.49250000e+01
1615140857.9586804	1.29410800e-02	1.00000000e-04	4.29903615e-03	2.49250000e+01
1615140858.1641226	1.29421000e-02	1.00000000e-04	4.29774150e-03	2.49250000e+01
1615140858.3685513	1.29418500e-02	1.00000000e-04	4.29946581e-03	2.49250000e+01
1615140858.5730479	1.29410900e-02	1.00000000e-04	4.29825597e-03	2.49240000e+01
1615140858.7794523	1.29409200e-02	1.00000000e-04	4.29874217e-03	2.49240000e+01
1615140859.0018587	1.29413400e-02	1.00000000e-04	4.29914356e-03	2.49240000e+01
1615140859.224263	1.29421000e-02	1.00000000e-04	4.29908703e-03	2.49250000e+01
1615140859.4297447	1.29416800e-02	1.00000000e-04	4.29901919e-03	2.49250000e+01
1615140859.6331995	1.29417600e-02	1.00000000e-04	4.29911172e-03	2.49250000e+01
1615140859.853581	1.29411800e-02	1.00000000e-04	4.29897039e-03	2.49250000e+01
1615140860.0759852	1.29420300e-02	1.00000000e-04	4.29807149e-03	2.49240000e+01
1615140860.2984192	1.29415900e-02	1.00000000e-04	4.29903258e-03	2.49240000e+01
1615140860.5188012	1.29418400e-02	1.00000000e-04	4.29851246e-03	2.49240000e+01
1615140860.7412364	1.29410900e-02	1.00000000e-04	4.29860291e-03	2.49240000e+01
1615140860.9476545	1.29420200e-02	1.00000000e-04	4.29826936e-03	2.49240000e+01
1615140861.169063	1.29401600e-02	1.00000000e-04	4.29942832e-03	2.49240000e+01
1615140861.3914917	1.29425300e-02	1.00000000e-04	4.29988625e-03	2.49240000e+01
1615140861.5979154	1.29410900e-02	1.00000000e-04	4.29809975e-03	2.49230000e+01
1615140861.8053896	1.29401600e-02	1.00000000e-04	4.29881774e-03	2.49230000e+01
1615140862.0118415	1.29415900e-02	1.00000000e-04	4.29880921e-03	2.49230000e+01
1615140862.2182574	1.29414200e-02	1.00000000e-04	4.29786508e-03	2.49220000e+01
