1615140913.0034757	1.29383900e-02	1.00000000e-04	4.29725765e-03	2.49200000e+01
1615140913.2098968	1.29402500e-02	1.00000000e-04	4.29806610e-03	2.49200000e+01
1615140913.4163744	1.29405800e-02	1.00000000e-04	4.29839400e-03	2.49210000e+01
1615140913.637782	1.29399100e-02	1.00000000e-04	4.29755729e-03	2.49210000e+01
1615140913.8422337	1.29398400e-02	1.00000000e-04	4.29870494e-03	2.49210000e+01
1615140914.0496786	1.29389000e-02	1.00000000e-04	4.29869363e-03	2.49210000e+01
1615140914.256098	1.29394800e-02	1.00000000e-04	4.29799236e-03	2.49210000e+01
1615140914.463576	1.29397400e-02	1.00000000e-04	4.29816196e-03	2.49210000e+01
1615140914.6699924	1.29409200e-02	1.00000000e-04	4.29865381e-03	2.49210000e+01
1615140914.876439	1.29400900e-02	1.00000000e-04	4.29803759e-03	2.49210000e+01
1615140915.081921	1.29386400e-02	1.00000000e-04	4.29861424e-03	2.49210000e+01
1615140915.3003056	1.29394100e-02	1.00000000e-04	4.29717826e-03	2.49210000e+01
1615140915.5207179	1.29393100e-02	1.00000000e-04	4.29772099e-03	2.49200000e+01
1615140915.7251694	1.29396600e-02	1.00000000e-04	4.29758531e-03	2.49200000e+01
1615140915.9465785	1.29400700e-02	1.00000000e-04	4.29815066e-03	2.49200000e+01
1615140916.1520545	1.29406700e-02	1.00000000e-04	4.29781145e-03	2.49200000e+01
1615140916.3724384	1.29411700e-02	1.00000000e-04	4.29833722e-03	2.49200000e+01
1615140916.5779178	1.29401800e-02	1.00000000e-04	4.29847290e-03	2.49210000e+01
1615140916.7843368	1.29398300e-02	1.00000000e-04	4.29725766e-03	2.49210000e+01
1615140916.9908202	1.29403400e-02	1.00000000e-04	4.29834313e-03	2.49210000e+01
1615140917.1982315	1.29400000e-02	1.00000000e-04	4.29903285e-03	2.49210000e+01
1615140917.4046786	1.29384000e-02	1.00000000e-04	4.29797565e-03	2.49210000e+01
1615140917.6121244	1.29394100e-02	1.00000000e-04	4.29755730e-03	2.49210000e+01
1615140917.8195686	1.29391600e-02	1.00000000e-04	4.29810003e-03	2.49220000e+01
1615140918.0260453	1.29406600e-02	1.00000000e-04	4.29797000e-03	2.49210000e+01
1615140918.2484229	1.29413500e-02	1.00000000e-04	4.29794173e-03	2.49210000e+01
1615140918.4718246	1.29410100e-02	1.00000000e-04	4.29754599e-03	2.49210000e+01
1615140918.694256	1.29395800e-02	1.00000000e-04	4.29667536e-03	2.49210000e+01
1615140918.9156678	1.29395700e-02	1.00000000e-04	4.29820179e-03	2.49210000e+01
1615140919.1221144	1.29410200e-02	1.00000000e-04	4.29806045e-03	2.49200000e+01
1615140919.342529	1.29407500e-02	1.00000000e-04	4.29724070e-03	2.49200000e+01
1615140919.549971	1.29412500e-02	1.00000000e-04	4.29839966e-03	2.49200000e+01
1615140919.755416	1.29408400e-02	1.00000000e-04	4.29851273e-03	2.49200000e+01
1615140919.9608753	1.29406800e-02	1.00000000e-04	4.29837705e-03	2.49210000e+01
1615140920.1663215	1.29383000e-02	1.00000000e-04	4.29783432e-03	2.49220000e+01
1615140920.385736	1.29405800e-02	1.00000000e-04	4.29736508e-03	2.49220000e+01
1615140920.606117	1.29395700e-02	1.00000000e-04	4.29807176e-03	2.49220000e+01
1615140920.8125658	1.29392300e-02	1.00000000e-04	4.29811134e-03	2.49220000e+01
1615140921.0339737	1.29389800e-02	1.00000000e-04	4.29770429e-03	2.49220000e+01
1615140921.2543843	1.29403300e-02	1.00000000e-04	4.29791912e-03	2.49210000e+01
1615140921.4738276	1.29400000e-02	1.00000000e-04	4.29820744e-03	2.49210000e+01
1615140921.6972003	1.29390600e-02	1.00000000e-04	4.29831220e-03	2.49210000e+01
1615140921.901655	1.29394900e-02	1.00000000e-04	4.29834046e-03	2.49210000e+01
1615140922.1090987	1.29413400e-02	1.00000000e-04	4.29893408e-03	2.49210000e+01
1615140922.315575	1.29393200e-02	1.00000000e-04	4.29839700e-03	2.49210000e+01
1615140922.521025	1.29395000e-02	1.00000000e-04	4.29930720e-03	2.49200000e+01
1615140922.7284708	1.29393400e-02	1.00000000e-04	4.29803518e-03	2.49200000e+01
1615140922.949889	1.29401600e-02	1.00000000e-04	4.29766205e-03	2.49200000e+01
1615140923.1692863	1.29395800e-02	1.00000000e-04	4.29826697e-03	2.49200000e+01
1615140923.3757114	1.29405900e-02	1.00000000e-04	4.29698929e-03	2.49200000e+01
1615140923.5821588	1.29396500e-02	1.00000000e-04	4.29784296e-03	2.49200000e+01
1615140923.787612	1.29386500e-02	1.00000000e-04	4.29834046e-03	2.49190000e+01
1615140923.994058	1.29379600e-02	1.00000000e-04	4.29720977e-03	2.49200000e+01
1615140924.2015033	1.29394100e-02	1.00000000e-04	4.29813669e-03	2.49200000e+01
1615140924.4079502	1.29386500e-02	1.00000000e-04	4.29778053e-03	2.49200000e+01
1615140924.6134312	1.29403500e-02	1.00000000e-04	4.29834587e-03	2.49200000e+01
1615140924.8188896	1.29394200e-02	1.00000000e-04	4.29853809e-03	2.49200000e+01
1615140925.0253284	1.29384800e-02	1.00000000e-04	4.29696643e-03	2.49200000e+01
1615140925.2317772	1.29393300e-02	1.00000000e-04	4.29775791e-03	2.49200000e+01
1615140925.4511936	1.29389900e-02	1.00000000e-04	4.29826107e-03	2.49190000e+01
1615140925.6745641	1.29383200e-02	1.00000000e-04	4.29824976e-03	2.49200000e+01
1615140925.8820083	1.29392400e-02	1.00000000e-04	4.29852113e-03	2.49200000e+01
1615140926.0864615	1.29382200e-02	1.00000000e-04	4.29834587e-03	2.49200000e+01
1615140926.2919133	1.29388200e-02	1.00000000e-04	4.29793317e-03	2.49190000e+01
1615140926.5123227	1.29395000e-02	1.00000000e-04	4.29937480e-03	2.49190000e+01
1615140926.7327332	1.29395000e-02	1.00000000e-04	4.29784247e-03	2.49200000e+01
1615140926.9381838	1.29397400e-02	1.00000000e-04	4.29738454e-03	2.49190000e+01
1615140927.1456292	1.29399900e-02	1.00000000e-04	4.29735627e-03	2.49190000e+01
1615140927.352107	1.29391700e-02	1.00000000e-04	4.29843043e-03	2.49200000e+01
1615140927.5575278	1.29378000e-02	1.00000000e-04	4.29869614e-03	2.49190000e+01
1615140927.778964	1.29380600e-02	1.00000000e-04	4.29785943e-03	2.49190000e+01
1615140928.0023394	1.29395000e-02	1.00000000e-04	4.29742412e-03	2.49180000e+01
1615140928.2237744	1.29392300e-02	1.00000000e-04	4.29844739e-03	2.49180000e+01
1615140928.430195	1.29400000e-02	1.00000000e-04	4.29774636e-03	2.49180000e+01
1615140928.633679	1.29388200e-02	1.00000000e-04	4.29689269e-03	2.49190000e+01
1615140928.841123	1.29390800e-02	1.00000000e-04	4.29891098e-03	2.49190000e+01
1615140929.0465457	1.29389900e-02	1.00000000e-04	4.29719798e-03	2.49190000e+01
1615140929.2519972	1.29396500e-02	1.00000000e-04	4.29741306e-03	2.49190000e+01
1615140929.4724393	1.29397400e-02	1.00000000e-04	4.29793318e-03	2.49200000e+01
1615140929.6958098	1.29377200e-02	1.00000000e-04	4.29832892e-03	2.49190000e+01
1615140929.900291	1.29395000e-02	1.00000000e-04	4.29848722e-03	2.49190000e+01
1615140930.105738	1.29385500e-02	1.00000000e-04	4.29773531e-03	2.49200000e+01
1615140930.3121624	1.29377100e-02	1.00000000e-04	4.29762789e-03	2.49200000e+01
1615140930.5186403	1.29402500e-02	1.00000000e-04	4.29801233e-03	2.49200000e+01
1615140930.726087	1.29383900e-02	1.00000000e-04	4.29787665e-03	2.49200000e+01
1615140930.932534	1.29394900e-02	1.00000000e-04	4.29761659e-03	2.49190000e+01
1615140931.1379771	1.29394800e-02	1.00000000e-04	4.29804625e-03	2.49180000e+01
1615140931.3444018	1.29377900e-02	1.00000000e-04	4.29798406e-03	2.49190000e+01
1615140931.5488887	1.29396600e-02	1.00000000e-04	4.29696644e-03	2.49190000e+01
1615140931.7712605	1.29398300e-02	1.00000000e-04	4.29766488e-03	2.49190000e+01
1615140931.9927	1.29389000e-02	1.00000000e-04	4.29741612e-03	2.49200000e+01
1615140932.2160978	1.29378900e-02	1.00000000e-04	4.29780621e-03	2.49190000e+01
1615140932.423515	1.29400000e-02	1.00000000e-04	4.29722391e-03	2.49200000e+01
1615140932.626004	1.29396600e-02	1.00000000e-04	4.29821892e-03	2.49190000e+01
1615140932.8473816	1.29390700e-02	1.00000000e-04	4.29774968e-03	2.49190000e+01
1615140933.0528722	1.29384000e-02	1.00000000e-04	4.29795320e-03	2.49190000e+01
1615140933.2592812	1.29389900e-02	1.00000000e-04	4.29839417e-03	2.49190000e+01
1615140933.480688	1.29379800e-02	1.00000000e-04	4.29811150e-03	2.49200000e+01
1615140933.6881344	1.29392400e-02	1.00000000e-04	4.29751223e-03	2.49200000e+01
1615140933.8926153	1.29390700e-02	1.00000000e-04	4.29751789e-03	2.49200000e+01
1615140934.0980668	1.29381400e-02	1.00000000e-04	4.29807105e-03	2.49200000e+01
1615140934.3214622	1.29397400e-02	1.00000000e-04	4.29792972e-03	2.49200000e+01
1615140934.5438461	1.29379600e-02	1.00000000e-04	4.29756790e-03	2.49200000e+01
1615140934.7662797	1.29389100e-02	1.00000000e-04	4.29830285e-03	2.49190000e+01
1615140934.989682	1.29373800e-02	1.00000000e-04	4.29761312e-03	2.49190000e+01
1615140935.1961007	1.29389000e-02	1.00000000e-04	4.29792972e-03	2.49180000e+01
1615140935.4005835	1.29393300e-02	1.00000000e-04	4.29790145e-03	2.49180000e+01
1615140935.606006	1.29391500e-02	1.00000000e-04	4.29768662e-03	2.49180000e+01
1615140935.8134787	1.29380600e-02	1.00000000e-04	4.29801452e-03	2.49180000e+01
1615140936.020895	1.29390600e-02	1.00000000e-04	4.29852333e-03	2.49190000e+01
1615140936.22535	1.29391600e-02	1.00000000e-04	4.29867597e-03	2.49200000e+01
1615140936.4487832	1.29377100e-02	1.00000000e-04	4.29904910e-03	2.49200000e+01
1615140936.6542013	1.29394000e-02	1.00000000e-04	4.29842268e-03	2.49200000e+01
1615140936.8766313	1.29385700e-02	1.00000000e-04	4.29813436e-03	2.49190000e+01
1615140937.0820892	1.29373100e-02	1.00000000e-04	4.29695278e-03	2.49190000e+01
1615140937.2895262	1.29395700e-02	1.00000000e-04	4.29723546e-03	2.49190000e+01
1615140937.4969842	1.29385800e-02	1.00000000e-04	4.29841138e-03	2.49190000e+01
1615140937.7023995	1.29386500e-02	1.00000000e-04	4.29827569e-03	2.49190000e+01
1615140937.907849	1.29388200e-02	1.00000000e-04	4.29785168e-03	2.49190000e+01
1615140938.114297	1.29383800e-02	1.00000000e-04	4.29768773e-03	2.49190000e+01
1615140938.3357048	1.29391600e-02	1.00000000e-04	4.29881843e-03	2.49200000e+01
1615140938.5401592	1.29372200e-02	1.00000000e-04	4.29830961e-03	2.49200000e+01
1615140938.7456098	1.29390800e-02	1.00000000e-04	4.29820220e-03	2.49190000e+01
1615140938.9520576	1.29381500e-02	1.00000000e-04	4.29799867e-03	2.49200000e+01
1615140939.1575358	1.29398400e-02	1.00000000e-04	4.29795910e-03	2.49190000e+01
1615140939.378916	1.29377900e-02	1.00000000e-04	4.29808913e-03	2.49190000e+01
1615140939.5843902	1.29382300e-02	1.00000000e-04	4.29784603e-03	2.49190000e+01
1615140939.8038092	1.29382300e-02	1.00000000e-04	4.29808348e-03	2.49180000e+01
1615140940.0242157	1.29389000e-02	1.00000000e-04	4.29750682e-03	2.49180000e+01
1615140940.229664	1.29379800e-02	1.00000000e-04	4.29819654e-03	2.49180000e+01
1615140940.452077	1.29384000e-02	1.00000000e-04	4.29725807e-03	2.49180000e+01
1615140940.6744816	1.29395000e-02	1.00000000e-04	4.29727503e-03	2.49190000e+01
1615140940.896884	1.29399000e-02	1.00000000e-04	4.29749552e-03	2.49190000e+01
1615140941.101335	1.29393100e-02	1.00000000e-04	4.29889192e-03	2.49190000e+01
1615140941.3067596	1.29379700e-02	1.00000000e-04	4.29746725e-03	2.49200000e+01
1615140941.5271704	1.29380700e-02	1.00000000e-04	4.29909544e-03	2.49190000e+01
1615140941.7486074	1.29383100e-02	1.00000000e-04	4.29834763e-03	2.49190000e+01
1615140941.9550261	1.29369600e-02	1.00000000e-04	4.29758441e-03	2.49190000e+01
1615140942.1774623	1.29398300e-02	1.00000000e-04	4.29742046e-03	2.49190000e+01
1615140942.3998652	1.29384900e-02	1.00000000e-04	4.29721128e-03	2.49190000e+01
1615140942.6212456	1.29382200e-02	1.00000000e-04	4.29764095e-03	2.49190000e+01
1615140942.828691	1.29379000e-02	1.00000000e-04	4.29762964e-03	2.49180000e+01
1615140943.0341692	1.29375500e-02	1.00000000e-04	4.29768052e-03	2.49180000e+01
1615140943.256576	1.29395000e-02	1.00000000e-04	4.29750526e-03	2.49180000e+01
1615140943.478951	1.29383200e-02	1.00000000e-04	4.29740916e-03	2.49180000e+01
1615140943.6844249	1.29383200e-02	1.00000000e-04	4.29740916e-03	2.49190000e+01
1615140943.8898826	1.29390000e-02	1.00000000e-04	4.29760703e-03	2.49190000e+01
1615140944.095304	1.29384000e-02	1.00000000e-04	4.29778228e-03	2.49180000e+01
1615140944.300754	1.29372200e-02	1.00000000e-04	4.29740350e-03	2.49190000e+01
1615140944.5221918	1.29378200e-02	1.00000000e-04	4.29752788e-03	2.49200000e+01
1615140944.74357	1.29389100e-02	1.00000000e-04	4.29782186e-03	2.49200000e+01
1615140944.9660032	1.29384100e-02	1.00000000e-04	4.29841547e-03	2.49200000e+01
1615140945.1724467	1.29381400e-02	1.00000000e-04	4.29769748e-03	2.49200000e+01
1615140945.3938546	1.29389000e-02	1.00000000e-04	4.29793493e-03	2.49200000e+01
1615140945.6013067	1.29393300e-02	1.00000000e-04	4.29774836e-03	2.49200000e+01
1615140945.807748	1.29380700e-02	1.00000000e-04	4.29739220e-03	2.49200000e+01
1615140946.014172	1.29396600e-02	1.00000000e-04	4.29753918e-03	2.49190000e+01
1615140946.2355802	1.29386500e-02	1.00000000e-04	4.29769748e-03	2.49190000e+01
1615140946.4570186	1.29387300e-02	1.00000000e-04	4.29803669e-03	2.49190000e+01
1615140946.662471	1.29380600e-02	1.00000000e-04	4.29884774e-03	2.49190000e+01
1615140946.8828492	1.29391600e-02	1.00000000e-04	4.29764355e-03	2.49190000e+01
1615140947.102262	1.29403400e-02	1.00000000e-04	4.29745133e-03	2.49190000e+01
1615140947.3256643	1.29384000e-02	1.00000000e-04	4.29772270e-03	2.49190000e+01
1615140947.5331094	1.29387300e-02	1.00000000e-04	4.29704428e-03	2.49200000e+01
1615140947.7385833	1.29388200e-02	1.00000000e-04	4.29783011e-03	2.49200000e+01
1615140947.944036	1.29393300e-02	1.00000000e-04	4.29669942e-03	2.49200000e+01
1615140948.1654196	1.29384700e-02	1.00000000e-04	4.29759832e-03	2.49190000e+01
1615140948.3868263	1.29390800e-02	1.00000000e-04	4.29845199e-03	2.49180000e+01
1615140948.592278	1.29384000e-02	1.00000000e-04	4.29745699e-03	2.49180000e+01
1615140948.7997508	1.29378100e-02	1.00000000e-04	4.29759832e-03	2.49180000e+01
1615140949.0051727	1.29396600e-02	1.00000000e-04	4.29780750e-03	2.49190000e+01
1615140949.2106233	1.29380600e-02	1.00000000e-04	4.29703079e-03	2.49190000e+01
1615140949.434027	1.29385600e-02	1.00000000e-04	4.29719474e-03	2.49190000e+01
1615140949.6415043	1.29381400e-02	1.00000000e-04	4.29778835e-03	2.49190000e+01
1615140949.8469217	1.29399100e-02	1.00000000e-04	4.29805972e-03	2.49190000e+01
1615140950.0663652	1.29378000e-02	1.00000000e-04	4.29761309e-03	2.49190000e+01
1615140950.272783	1.29376400e-02	1.00000000e-04	4.29708732e-03	2.49190000e+01
1615140950.4772365	1.29395800e-02	1.00000000e-04	4.29744349e-03	2.49190000e+01
1615140950.6827104	1.29384000e-02	1.00000000e-04	4.29722301e-03	2.49190000e+01
1615140950.888169	1.29368700e-02	1.00000000e-04	4.29681030e-03	2.49180000e+01
1615140951.095613	1.29374600e-02	1.00000000e-04	4.29741522e-03	2.49180000e+01
1615140951.3010342	1.29371400e-02	1.00000000e-04	4.29805406e-03	2.49170000e+01
1615140951.5054877	1.29379800e-02	1.00000000e-04	4.29738130e-03	2.49170000e+01
1615140951.7278917	1.29393200e-02	1.00000000e-04	4.29758568e-03	2.49170000e+01
1615140951.948326	1.29385800e-02	1.00000000e-04	4.29753479e-03	2.49170000e+01
1615140952.1547816	1.29380600e-02	1.00000000e-04	4.29641541e-03	2.49170000e+01
1615140952.3602245	1.29386500e-02	1.00000000e-04	4.29716732e-03	2.49180000e+01
1615140952.581633	1.29385600e-02	1.00000000e-04	4.29771571e-03	2.49180000e+01
1615140952.7870831	1.29389900e-02	1.00000000e-04	4.29735388e-03	2.49170000e+01
1615140953.0074997	1.29371300e-02	1.00000000e-04	4.29712209e-03	2.49170000e+01
1615140953.212944	1.29382300e-02	1.00000000e-04	4.29754610e-03	2.49180000e+01
1615140953.4184012	1.29386500e-02	1.00000000e-04	4.29795880e-03	2.49180000e+01
1615140953.6238215	1.29375600e-02	1.00000000e-04	4.29738781e-03	2.49180000e+01
1615140953.8292723	1.29401000e-02	1.00000000e-04	4.29775528e-03	2.49180000e+01
1615140954.0516787	1.29373800e-02	1.00000000e-04	4.29768178e-03	2.49180000e+01
1615140954.2740839	1.29384100e-02	1.00000000e-04	4.29772943e-03	2.49190000e+01
1615140954.4805572	1.29385700e-02	1.00000000e-04	4.29758244e-03	2.49190000e+01
1615140954.686013	1.29385700e-02	1.00000000e-04	4.29693795e-03	2.49190000e+01
1615140954.9064205	1.29368000e-02	1.00000000e-04	4.29774074e-03	2.49190000e+01
1615140955.128826	1.29384800e-02	1.00000000e-04	4.29753156e-03	2.49190000e+01
1615140955.350205	1.29382300e-02	1.00000000e-04	4.29740153e-03	2.49190000e+01
1615140955.5576801	1.29382400e-02	1.00000000e-04	4.29856049e-03	2.49180000e+01
1615140955.7641284	1.29386500e-02	1.00000000e-04	4.29653090e-03	2.49170000e+01
1615140955.9855347	1.29384700e-02	1.00000000e-04	4.29740153e-03	2.49180000e+01
