1615146211.960857	1.29397600e-02	1.00000000e-04	4.30384359e-03	2.48100000e+01
1615146212.1672797	1.29387500e-02	1.00000000e-04	4.30371921e-03	2.48100000e+01
1615146212.388718	1.29406800e-02	1.00000000e-04	4.30353240e-03	2.48110000e+01
1615146212.5931711	1.29390900e-02	1.00000000e-04	4.30331757e-03	2.48110000e+01
1615146212.7996173	1.29391700e-02	1.00000000e-04	4.30330627e-03	2.48110000e+01
1615146213.0050395	1.29396000e-02	1.00000000e-04	4.30293879e-03	2.48110000e+01
1615146213.2104917	1.29382500e-02	1.00000000e-04	4.30338541e-03	2.48110000e+01
1615146213.4169724	1.29387500e-02	1.00000000e-04	4.30354936e-03	2.48110000e+01
1615146213.6223884	1.29401200e-02	1.00000000e-04	4.31642793e-03	2.48110000e+01
1615146213.8288653	1.29445600e-02	1.00000000e-04	4.30641567e-03	2.48110000e+01
1615146214.0352843	1.29418600e-02	1.00000000e-04	4.30561853e-03	2.48120000e+01
1615146214.258687	1.29412800e-02	1.00000000e-04	4.30625737e-03	2.48110000e+01
1615146214.4810932	1.29407000e-02	1.00000000e-04	4.30504753e-03	2.48100000e+01
1615146214.7034986	1.29390000e-02	1.00000000e-04	4.30481574e-03	2.48100000e+01
1615146214.908948	1.29409500e-02	1.00000000e-04	4.30490863e-03	2.48100000e+01
1615146215.1293876	1.29400100e-02	1.00000000e-04	4.30504997e-03	2.48100000e+01
1615146215.3358076	1.29386600e-02	1.00000000e-04	4.30405496e-03	2.48100000e+01
1615146215.5562186	1.29396800e-02	1.00000000e-04	4.30517434e-03	2.48100000e+01
1615146215.7786484	1.29401000e-02	1.00000000e-04	4.30583580e-03	2.48100000e+01
1615146215.9841025	1.29411100e-02	1.00000000e-04	4.30571707e-03	2.48100000e+01
1615146216.203516	1.29406800e-02	1.00000000e-04	4.30433198e-03	2.48100000e+01
1615146216.42689	1.29411100e-02	1.00000000e-04	4.30542309e-03	2.48100000e+01
1615146216.6343656	1.29406000e-02	1.00000000e-04	4.30454115e-03	2.48110000e+01
1615146216.8398085	1.29397600e-02	1.00000000e-04	4.30431502e-03	2.48100000e+01
1615146217.0452352	1.29386600e-02	1.00000000e-04	4.30412845e-03	2.48110000e+01
1615146217.2526815	1.29400100e-02	1.00000000e-04	4.30451635e-03	2.48110000e+01
1615146217.4601257	1.29404500e-02	1.00000000e-04	4.30437501e-03	2.48100000e+01
1615146217.6646035	1.29396000e-02	1.00000000e-04	4.30517780e-03	2.48100000e+01
1615146217.872053	1.29416200e-02	1.00000000e-04	4.30471422e-03	2.48100000e+01
1615146218.0784733	1.29395100e-02	1.00000000e-04	4.30470857e-03	2.48110000e+01
1615146218.283951	1.29385800e-02	1.00000000e-04	4.30421672e-03	2.48100000e+01
1615146218.4903708	1.29397800e-02	1.00000000e-04	4.30500255e-03	2.48100000e+01
1615146218.7097847	1.29390800e-02	1.00000000e-04	4.30432413e-03	2.48090000e+01
1615146218.9311926	1.29403500e-02	1.00000000e-04	4.30430717e-03	2.48090000e+01
1615146219.1536279	1.29396900e-02	1.00000000e-04	4.30464072e-03	2.48100000e+01
1615146219.3720129	1.29403500e-02	1.00000000e-04	4.30501385e-03	2.48100000e+01
1615146219.5944192	1.29390900e-02	1.00000000e-04	4.30432978e-03	2.48100000e+01
1615146219.8168232	1.29408700e-02	1.00000000e-04	4.30424448e-03	2.48100000e+01
1615146220.03826	1.29390800e-02	1.00000000e-04	4.30406923e-03	2.48110000e+01
1615146220.2576458	1.29393400e-02	1.00000000e-04	4.30436886e-03	2.48100000e+01
1615146220.4780552	1.29394300e-02	1.00000000e-04	4.30387136e-03	2.48100000e+01
1615146220.683536	1.29405200e-02	1.00000000e-04	4.30488332e-03	2.48100000e+01
1615146220.890952	1.29398500e-02	1.00000000e-04	4.30384309e-03	2.48100000e+01
1615146221.0983975	1.29395900e-02	1.00000000e-04	4.30400139e-03	2.48100000e+01
1615146221.303848	1.29406900e-02	1.00000000e-04	4.30388266e-03	2.48100000e+01
1615146221.508301	1.29390100e-02	1.00000000e-04	4.30513208e-03	2.48100000e+01
1615146221.714749	1.29406200e-02	1.00000000e-04	4.30445366e-03	2.48100000e+01
1615146221.9222353	1.29390000e-02	1.00000000e-04	4.30370175e-03	2.48100000e+01
1615146222.1266465	1.29391000e-02	1.00000000e-04	4.30408619e-03	2.48090000e+01
1615146222.3341181	1.29383300e-02	1.00000000e-04	4.30495658e-03	2.48090000e+01
1615146222.55553	1.29402000e-02	1.00000000e-04	4.30319270e-03	2.48090000e+01
1615146222.7759435	1.29391700e-02	1.00000000e-04	4.30361105e-03	2.48090000e+01
1615146222.9833553	1.29401900e-02	1.00000000e-04	4.30473044e-03	2.48100000e+01
1615146223.2047923	1.29388400e-02	1.00000000e-04	4.30468521e-03	2.48100000e+01
1615146223.4102151	1.29404400e-02	1.00000000e-04	4.30288741e-03	2.48100000e+01
1615146223.6156647	1.29377400e-02	1.00000000e-04	4.31324454e-03	2.48100000e+01
1615146223.8231108	1.29422700e-02	1.00000000e-04	4.30689571e-03	2.48090000e+01
1615146224.030586	1.29433800e-02	1.00000000e-04	4.30570283e-03	2.48100000e+01
1615146224.237033	1.29419500e-02	1.00000000e-04	4.30626818e-03	2.48100000e+01
1615146224.44046	1.29419500e-02	1.00000000e-04	4.30517706e-03	2.48090000e+01
1615146224.645941	1.29402600e-02	1.00000000e-04	4.30654520e-03	2.48090000e+01
1615146224.8523586	1.29416100e-02	1.00000000e-04	4.30598398e-03	2.48100000e+01
1615146225.0598338	1.29402700e-02	1.00000000e-04	4.30573523e-03	2.48100000e+01
1615146225.2662823	1.29406900e-02	1.00000000e-04	4.30470630e-03	2.48100000e+01
1615146225.48868	1.29410400e-02	1.00000000e-04	4.30466673e-03	2.48110000e+01
1615146225.7081041	1.29400300e-02	1.00000000e-04	4.30507943e-03	2.48100000e+01
1615146225.9145465	1.29404400e-02	1.00000000e-04	4.30522642e-03	2.48100000e+01
1615146226.1329567	1.29410300e-02	1.00000000e-04	4.30540168e-03	2.48100000e+01
1615146226.3394096	1.29412000e-02	1.00000000e-04	4.30563347e-03	2.48090000e+01
1615146226.5627835	1.29405100e-02	1.00000000e-04	4.30523207e-03	2.48090000e+01
1615146226.7692327	1.29399300e-02	1.00000000e-04	4.30468369e-03	2.48080000e+01
1615146226.9916654	1.29406100e-02	1.00000000e-04	4.30488721e-03	2.48070000e+01
1615146227.1981084	1.29409300e-02	1.00000000e-04	4.30542137e-03	2.48080000e+01
1615146227.404565	1.29394100e-02	1.00000000e-04	4.30422283e-03	2.48090000e+01
1615146227.626938	1.29408600e-02	1.00000000e-04	4.30414369e-03	2.48090000e+01
1615146227.846352	1.29396000e-02	1.00000000e-04	4.30520654e-03	2.48100000e+01
1615146228.0528	1.29398400e-02	1.00000000e-04	4.30435852e-03	2.48100000e+01
1615146228.2592478	1.29405200e-02	1.00000000e-04	4.30423980e-03	2.48090000e+01
1615146228.4796863	1.29399300e-02	1.00000000e-04	4.30394016e-03	2.48090000e+01
1615146228.7030945	1.29397700e-02	1.00000000e-04	4.30515565e-03	2.48090000e+01
1615146228.9085367	1.29398500e-02	1.00000000e-04	4.30524611e-03	2.48090000e+01
1615146229.1299195	1.29406000e-02	1.00000000e-04	4.30515565e-03	2.48090000e+01
1615146229.352325	1.29395000e-02	1.00000000e-04	4.30455074e-03	2.48090000e+01
1615146229.5727594	1.29396000e-02	1.00000000e-04	4.30423980e-03	2.48090000e+01
1615146229.7921762	1.29409500e-02	1.00000000e-04	4.30467487e-03	2.48090000e+01
1615146230.0135555	1.29416200e-02	1.00000000e-04	4.30517802e-03	2.48100000e+01
1615146230.2180088	1.29405100e-02	1.00000000e-04	4.30336327e-03	2.48100000e+01
1615146230.4374523	1.29405100e-02	1.00000000e-04	4.30496885e-03	2.48110000e+01
1615146230.6439	1.29405300e-02	1.00000000e-04	4.30384381e-03	2.48110000e+01
1615146230.8493445	1.29410300e-02	1.00000000e-04	4.30419998e-03	2.48100000e+01
1615146231.0558007	1.29403500e-02	1.00000000e-04	4.30435262e-03	2.48100000e+01
1615146231.2761803	1.29413600e-02	1.00000000e-04	4.30487839e-03	2.48090000e+01
1615146231.4826272	1.29398500e-02	1.00000000e-04	4.30428478e-03	2.48090000e+01
1615146231.686084	1.29386700e-02	1.00000000e-04	4.30429609e-03	2.48090000e+01
1615146231.9064946	1.29400900e-02	1.00000000e-04	4.30438654e-03	2.48090000e+01
1615146232.11394	1.29400000e-02	1.00000000e-04	4.30498581e-03	2.48100000e+01
1615146232.3353705	1.29398400e-02	1.00000000e-04	4.30437184e-03	2.48100000e+01
1615146232.5427918	1.29399500e-02	1.00000000e-04	4.30471670e-03	2.48100000e+01
1615146232.7482436	1.29406000e-02	1.00000000e-04	4.30437749e-03	2.48110000e+01
1615146232.9547195	1.29395900e-02	1.00000000e-04	4.30466016e-03	2.48110000e+01
1615146233.1611395	1.29399400e-02	1.00000000e-04	4.30322984e-03	2.48100000e+01
1615146233.36762	1.29396000e-02	1.00000000e-04	4.30429269e-03	2.48100000e+01
1615146233.5740342	1.29399300e-02	1.00000000e-04	4.30399871e-03	2.48100000e+01
1615146233.7794847	1.29454000e-02	1.00000000e-04	4.30864585e-03	2.48100000e+01
1615146233.986931	1.29426200e-02	1.00000000e-04	4.30723814e-03	2.48100000e+01
1615146234.191408	1.29423700e-02	1.00000000e-04	4.30671237e-03	2.48100000e+01
1615146234.3968642	1.29422000e-02	1.00000000e-04	4.30611876e-03	2.48100000e+01
1615146234.6013172	1.29409300e-02	1.00000000e-04	4.30647492e-03	2.48100000e+01
1615146234.8226953	1.29425400e-02	1.00000000e-04	4.30574587e-03	2.48110000e+01
1615146235.0451293	1.29413600e-02	1.00000000e-04	4.30667869e-03	2.48100000e+01
1615146235.2515492	1.29422800e-02	1.00000000e-04	4.30571760e-03	2.48100000e+01
1615146235.4699948	1.29423600e-02	1.00000000e-04	4.30624903e-03	2.48110000e+01
1615146235.690406	1.29404300e-02	1.00000000e-04	4.30518053e-03	2.48120000e+01
1615146235.8958488	1.29417800e-02	1.00000000e-04	4.30688222e-03	2.48120000e+01
1615146236.1152384	1.29423000e-02	1.00000000e-04	4.30514095e-03	2.48110000e+01
1615146236.3207178	1.29416100e-02	1.00000000e-04	4.30653170e-03	2.48110000e+01
1615146236.5261397	1.29401800e-02	1.00000000e-04	4.30620380e-03	2.48100000e+01
1615146236.7325888	1.29410200e-02	1.00000000e-04	4.30456430e-03	2.48110000e+01
1615146236.9390366	1.29422100e-02	1.00000000e-04	4.30636775e-03	2.48110000e+01
1615146237.146482	1.29422000e-02	1.00000000e-04	4.30647442e-03	2.48110000e+01
1615146237.368886	1.29421300e-02	1.00000000e-04	4.30575644e-03	2.48110000e+01
1615146237.5913286	1.29423700e-02	1.00000000e-04	4.30483492e-03	2.48100000e+01
1615146237.7977402	1.29415400e-02	1.00000000e-04	4.30538896e-03	2.48110000e+01
1615146238.0181508	1.29419600e-02	1.00000000e-04	4.30504410e-03	2.48100000e+01
1615146238.2236242	1.29405100e-02	1.00000000e-04	4.30551334e-03	2.48110000e+01
1615146238.4450083	1.29422800e-02	1.00000000e-04	4.30469359e-03	2.48110000e+01
1615146238.6664424	1.29417800e-02	1.00000000e-04	4.30532112e-03	2.48100000e+01
1615146238.8878536	1.29417000e-02	1.00000000e-04	4.30567729e-03	2.48100000e+01
1615146239.1082654	1.29422000e-02	1.00000000e-04	4.30516282e-03	2.48100000e+01
1615146239.313718	1.29410200e-02	1.00000000e-04	4.30434307e-03	2.48100000e+01
1615146239.5330987	1.29422000e-02	1.00000000e-04	4.30399256e-03	2.48100000e+01
1615146239.753509	1.29407700e-02	1.00000000e-04	4.30530440e-03	2.48110000e+01
1615146239.9579625	1.29409300e-02	1.00000000e-04	4.30519133e-03	2.48110000e+01
1615146240.1614509	1.29400100e-02	1.00000000e-04	4.30440550e-03	2.48120000e+01
1615146240.3668976	1.29412800e-02	1.00000000e-04	4.30469948e-03	2.48120000e+01
1615146240.5883071	1.29394200e-02	1.00000000e-04	4.30508957e-03	2.48110000e+01
1615146240.80872	1.29416100e-02	1.00000000e-04	4.30426417e-03	2.48110000e+01
1615146241.014169	1.29410200e-02	1.00000000e-04	4.30456945e-03	2.48110000e+01
1615146241.2215834	1.29411000e-02	1.00000000e-04	4.30557577e-03	2.48110000e+01
1615146241.4250407	1.29404400e-02	1.00000000e-04	4.30539486e-03	2.48110000e+01
1615146241.6304898	1.29415300e-02	1.00000000e-04	4.30447900e-03	2.48110000e+01
1615146241.8519213	1.29415300e-02	1.00000000e-04	4.30481821e-03	2.48110000e+01
1615146242.070345	1.29403500e-02	1.00000000e-04	4.30471644e-03	2.48120000e+01
1615146242.292719	1.29411900e-02	1.00000000e-04	4.30507801e-03	2.48120000e+01
1615146242.4991958	1.29406800e-02	1.00000000e-04	4.30382294e-03	2.48110000e+01
1615146242.705643	1.29421200e-02	1.00000000e-04	4.30427522e-03	2.48110000e+01
1615146242.9110653	1.29409400e-02	1.00000000e-04	4.30514020e-03	2.48120000e+01
1615146243.1175141	1.29405100e-02	1.00000000e-04	4.30403212e-03	2.48110000e+01
1615146243.3389523	1.29417000e-02	1.00000000e-04	4.30434306e-03	2.48110000e+01
1615146243.546395	1.29408500e-02	1.00000000e-04	4.30473315e-03	2.48110000e+01
1615146243.7518497	1.29418700e-02	1.00000000e-04	4.30460877e-03	2.48110000e+01
1615146243.9592884	1.29388300e-02	1.00000000e-04	4.30488014e-03	2.48110000e+01
1615146244.164714	1.29406100e-02	1.00000000e-04	4.30400385e-03	2.48100000e+01
1615146244.3701644	1.29400200e-02	1.00000000e-04	4.30372118e-03	2.48110000e+01
1615146244.591603	1.29401900e-02	1.00000000e-04	4.30418476e-03	2.48110000e+01
1615146244.7980516	1.29402800e-02	1.00000000e-04	4.30492585e-03	2.48120000e+01
1615146245.0184598	1.29411100e-02	1.00000000e-04	4.30467710e-03	2.48120000e+01
1615146245.2258751	1.29394300e-02	1.00000000e-04	4.30440574e-03	2.48120000e+01
1615146245.4313562	1.29407700e-02	1.00000000e-04	4.30407784e-03	2.48120000e+01
1615146245.636808	1.29404400e-02	1.00000000e-04	4.30407784e-03	2.48120000e+01
1615146245.8442502	1.29403500e-02	1.00000000e-04	4.30480713e-03	2.48120000e+01
1615146246.050702	1.29400900e-02	1.00000000e-04	4.30387996e-03	2.48120000e+01
1615146246.2561436	1.29390900e-02	1.00000000e-04	4.30384604e-03	2.48110000e+01
1615146246.4625914	1.29404300e-02	1.00000000e-04	4.30416264e-03	2.48110000e+01
1615146246.6830041	1.29402600e-02	1.00000000e-04	4.30447923e-03	2.48110000e+01
1615146246.9023929	1.29406100e-02	1.00000000e-04	4.30436616e-03	2.48100000e+01
1615146247.107871	1.29404300e-02	1.00000000e-04	4.30356337e-03	2.48100000e+01
1615146247.3302808	1.29406900e-02	1.00000000e-04	4.30455594e-03	2.48100000e+01
1615146247.5357285	1.29406800e-02	1.00000000e-04	4.30560749e-03	2.48100000e+01
1615146247.7561097	1.29407800e-02	1.00000000e-04	4.30414324e-03	2.48100000e+01
1615146247.9605904	1.29406800e-02	1.00000000e-04	4.30383230e-03	2.48100000e+01
1615146248.1680086	1.29408400e-02	1.00000000e-04	4.30338002e-03	2.48100000e+01
1615146248.3914108	1.29405200e-02	1.00000000e-04	4.30429588e-03	2.48110000e+01
1615146248.5968614	1.29409400e-02	1.00000000e-04	4.30382665e-03	2.48110000e+01
1615146248.8192668	1.29385000e-02	1.00000000e-04	4.30382665e-03	2.48110000e+01
1615146249.0267403	1.29395200e-02	1.00000000e-04	4.30345917e-03	2.48110000e+01
1615146249.249142	1.29400800e-02	1.00000000e-04	4.30360051e-03	2.48110000e+01
1615146249.4555662	1.29406000e-02	1.00000000e-04	4.30405844e-03	2.48110000e+01
1615146249.6610157	1.29412100e-02	1.00000000e-04	4.30393479e-03	2.48110000e+01
1615146249.8645008	1.29406900e-02	1.00000000e-04	4.30317158e-03	2.48100000e+01
1615146250.070949	1.29408700e-02	1.00000000e-04	4.30410440e-03	2.48100000e+01
1615146250.2923274	1.29402700e-02	1.00000000e-04	4.30421747e-03	2.48100000e+01
1615146250.5137355	1.29406100e-02	1.00000000e-04	4.30355601e-03	2.48100000e+01
1615146250.720206	1.29396000e-02	1.00000000e-04	4.30411005e-03	2.48100000e+01
1615146250.9236693	1.29402700e-02	1.00000000e-04	4.30475455e-03	2.48100000e+01
1615146251.145079	1.29404300e-02	1.00000000e-04	4.30441534e-03	2.48100000e+01
1615146251.3674514	1.29403500e-02	1.00000000e-04	4.30370866e-03	2.48100000e+01
1615146251.5739295	1.29413600e-02	1.00000000e-04	4.30553472e-03	2.48090000e+01
1615146251.7923477	1.29398400e-02	1.00000000e-04	4.30377084e-03	2.48090000e+01
1615146251.9997842	1.29385000e-02	1.00000000e-04	4.30356732e-03	2.48090000e+01
1615146252.2062085	1.29412800e-02	1.00000000e-04	4.30290908e-03	2.48090000e+01
1615146252.4286442	1.29414400e-02	1.00000000e-04	4.30389844e-03	2.48100000e+01
1615146252.6340954	1.29391600e-02	1.00000000e-04	4.30357054e-03	2.48100000e+01
1615146252.839516	1.29398400e-02	1.00000000e-04	4.30355923e-03	2.48100000e+01
1615146253.0449948	1.29393300e-02	1.00000000e-04	4.30320872e-03	2.48100000e+01
1615146253.2514145	1.29374800e-02	1.00000000e-04	4.30364403e-03	2.48100000e+01
1615146253.4588585	1.29402700e-02	1.00000000e-04	4.30325960e-03	2.48100000e+01
1615146253.6792705	1.29392700e-02	1.00000000e-04	4.30491606e-03	2.48100000e+01
1615146253.8857183	1.29387500e-02	1.00000000e-04	4.30421503e-03	2.48100000e+01
1615146254.0921652	1.29391700e-02	1.00000000e-04	4.30361577e-03	2.48110000e+01
1615146254.3116033	1.29387500e-02	1.00000000e-04	4.30325394e-03	2.48100000e+01
1615146254.532021	1.29393300e-02	1.00000000e-04	4.30429983e-03	2.48100000e+01
1615146254.7514348	1.29384000e-02	1.00000000e-04	4.30396702e-03	2.48100000e+01
