1 1.50179 -0.0968799 -8.78906E-5
2 1.56577 -0.0889014 0.000112305
3 1.53171 -0.0920068 -0.000131836
4 1.57757 -0.08875 -0.000102539
5 1.53531 -0.0941602 -8.30078E-5
6 1.55044 -0.0883887 0.00012207
7 1.57565 -0.0946191 -0.000146484
8 1.57912 -0.0926953 -0.000102539
9 1.55765 -0.087998 -0.000336914
10 1.58421 -0.0873486 -0.000332031
11 1.59347 -0.0910303 -0.000371094
12 1.5566 -0.0913232 -7.32422E-5
13 1.58589 -0.0926904 9.76563E-5
14 1.51329 -0.0947754 -0.000112305
15 1.51583 -0.089917 0.000102539
16 1.53129 -0.0946436 -9.76563E-5
17 1.57469 -0.0880322 0.000166016
18 1.58043 -0.0928809 0.000117187
19 1.58066 -0.0919531 0.000415039
20 1.67423 -0.0884619 0.000136719
21 1.61322 -0.0895947 -0.00012207
22 1.80171 -0.0787012 -0.000136719
23 1.53964 -0.0921289 0.000151367
24 1.51566 -0.0929297 0.000146484
25 1.55872 -0.0907227 0.000117187
26 1.55493 -0.0891064 0.000131836
27 1.54738 -0.0902197 0.000136719
28 1.60277 -0.0871875 0.000126953
29 1.54984 -0.0915039 -0.000107422
30 1.56053 -0.0921289 0.000151367
31 1.53699 -0.0935938 0.000141602
32 1.59136 -0.0874658 8.78906E-5
33 1.57926 -0.0926562 -0.000117187
34 1.61961 -0.0897266 0.000185547
35 1.53347 -0.0898535 0.000117187
36 1.51445 -0.0964795 0.000131836
37 1.56866 -0.0900732 -0.000107422
38 1.53665 -0.0933154 0.00012207
39 1.57807 -0.089248 -9.27734E-5
40 1.57376 -0.0910938 -0.000107422
41 1.53387 -0.0930615 -0.000107422
42 1.52293 -0.0957373 0.000141602
43 1.53069 -0.0926074 -9.27734E-5
44 1.50343 -0.0967676 -0.000126953
45 1.56877 -0.0914209 0.000136719
46 1.54093 -0.0919287 8.30078E-5
47 1.55294 -0.0899658 0.000126953
48 1.55256 -0.0924316 0.000136719
49 1.59507 -0.0912451 0.00015625
50 1.55504 -0.0904443 0.000117187
51 1.53374 -0.0965234 -0.00012207
52 1.56499 -0.093501 -0.000146484
53 1.57707 -0.0918652 -0.000170898
54 1.53213 -0.0958154 -0.000112305
55 1.57095 -0.0908057 -0.000131836
56 1.61173 -0.0917285 -0.000131836
57 1.54216 -0.0911963 0.000131836
58 1.75274 -0.0821094 -0.000117187
59 1.55684 -0.0928271 0.000141602
60 1.54345 -0.0899561 0.000161133
61 1.58205 -0.0911963 0.000126953
62 1.56725 -0.0917432 0.000107422
63 1.56494 -0.0882031 -8.78906E-5
64 1.55526 -0.0906201 -8.30078E-5
65 1.56091 -0.0917529 -0.00015625
66 1.59093 -0.0881494 0.000146484
67 1.54203 -0.0884619 0.000166016
68 1.59228 -0.0905859 0.000112305
69 1.6035 -0.0908594 -8.78906E-5
70 1.52255 -0.0944141 -8.30078E-5
71 1.54375 -0.0946484 -0.000117187
72 1.59079 -0.0877734 0.000102539
73 1.65193 -0.0844775 -0.000102539
74 1.58796 -0.0922314 -0.000385742
75 1.59446 -0.0928418 0.000136719
76 1.54855 -0.0909619 -0.000131836
77 1.56289 -0.0901807 0.000107422
78 1.5259 -0.0917139 0.000102539
79 1.59135 -0.0874512 -0.000146484
80 1.82338 -0.078291 -9.27734E-5
81 1.59402 -0.0932471 0.000131836
82 1.56184 -0.08875 0.000141602
83 1.53275 -0.0890967 0.000151367
84 1.55634 -0.092251 -0.000112305
85 1.55367 -0.0912598 0.000117187
86 1.5634 -0.0876465 9.76563E-5
87 1.57559 -0.0924072 0.000117187
88 1.61047 -0.0867187 0.00012207
89 1.5223 -0.0929639 -0.000131836
90 1.55259 -0.09354 9.76563E-5
91 1.55962 -0.0926709 -8.30078E-5
92 1.55748 -0.0976855 -0.000620117
93 1.54813 -0.0914062 0.000136719
94 1.59656 -0.0896094 -0.00034668
95 1.51136 -0.0958105 -0.000112305
96 1.54962 -0.0921973 0.000126953
97 1.54914 -0.0923682 0.000151367
98 1.57894 -0.092041 0.000136719
99 1.4982 -0.0937842 -0.000131836
100 1.52619 -0.094707 0.00012207
101 1.58544 -0.0890088 0.000117187
102 1.58153 -0.0927148 0.000151367
103 1.55132 -0.0961914 0.000131836
104 1.58126 -0.0916406 0.000361328
105 1.57328 -0.0865186 -0.000361328
106 1.55438 -0.0923486 -6.83594E-5
107 1.61629 -0.0865576 -0.000126953
108 1.5179 -0.0890479 -9.76563E-5
109 1.53793 -0.09146 0.000136719
110 1.53354 -0.0901172 0.000107422
111 1.53781 -0.0895654 -0.00034668
112 1.54108 -0.0894482 -0.000117187
113 1.55216 -0.0908984 -0.000112305
114 1.59002 -0.0968262 -0.000107422
115 1.59413 -0.0894824 8.78906E-5
116 1.5135 -0.0920264 0.00012207
117 1.51738 -0.095498 -0.000141602
118 1.52442 -0.0931934 -0.000136719
119 1.57851 -0.0873242 0.000151367
120 1.62103 -0.0898682 -7.8125E-5
121 1.58807 -0.0864941 -0.000166016
122 1.54055 -0.0883887 -0.000131836
123 1.56043 -0.0909082 -0.000141602
124 1.55503 -0.0909912 0.000151367
125 1.50683 -0.10373 0.000107422
126 1.53748 -0.0945264 -9.76563E-5
127 1.54582 -0.0917041 0.000351562
128 1.53914 -0.0937451 -0.000341797
129 1.53714 -0.0957666 -0.000126953
130 1.52881 -0.0901758 -0.00034668
131 1.57768 -0.0920215 -0.000112305
132 1.58873 -0.0900879 0.000126953
133 1.55515 -0.0901709 0.00012207
134 1.54182 -0.0887402 -0.000126953
135 1.55514 -0.0909375 0.00012207
136 1.54059 -0.0996631 0.000390625
137 1.54688 -0.0947852 0.000151367
138 1.56777 -0.0941699 0.000151367
139 1.58747 -0.0891504 0.000141602
140 1.61685 -0.0883398 -9.27734E-5
141 1.60287 -0.0873096 -0.000126953
142 1.67696 -0.0836768 -0.000126953
143 1.59502 -0.0904883 0.000146484
144 1.51949 -0.0935693 0.000146484
145 1.54223 -0.0940674 0.000415039
146 1.57007 -0.0904834 0.000170898
147 1.52401 -0.102295 -0.000112305
148 1.5765 -0.0903125 -7.32422E-5
149 1.58045 -0.0871826 -9.76563E-5
150 1.52869 -0.0942139 -0.000117187
151 1.59238 -0.0887402 -0.00012207
152 1.55487 -0.0898828 -0.000161133
153 1.52167 -0.0929346 -0.000117187
154 1.59268 -0.0886719 0.000126953
155 1.57686 -0.0933203 0.000131836
156 1.59882 -0.0918555 0.000126953
157 1.59124 -0.0883008 0.000131836
158 1.54302 -0.101592 0.000131836
159 1.52135 -0.0914941 -9.76563E-5
160 1.58793 -0.0918213 -0.000102539
161 1.58701 -0.0857178 -0.000131836
162 1.54121 -0.0917725 -0.000102539
163 1.53901 -0.0939941 -0.000102539
164 1.59233 -0.0897949 0.000620117
165 1.56198 -0.0853223 -0.000117187
166 1.54008 -0.0947852 0.000166016
167 1.50675 -0.0921826 -0.000161133
168 1.57243 -0.0904688 -8.30078E-5
169 1.54727 -0.0991064 0.000126953
170 1.55271 -0.0930078 0.000112305
171 1.54754 -0.0931104 0.000112305
172 1.60442 -0.0872314 -0.000102539
173 1.59683 -0.0905176 0.00015625
174 1.59117 -0.086626 -0.000102539
175 1.61805 -0.087876 -0.000351562
176 1.55096 -0.0838477 0.000141602
177 1.52606 -0.0928369 0.000112305
178 1.56537 -0.0888184 0.000151367
179 1.43307 -0.101079 -0.000141602
180 1.58294 -0.0985205 -7.8125E-5
181 1.60358 -0.0914307 0.000126953
182 1.53552 -0.0953369 0.000126953
183 1.597 -0.0889453 -0.000146484
184 1.5256 -0.0931592 -0.000117187
185 1.56876 -0.0877051 0.000151367
186 1.50896 -0.0931836 -5.85937E-5
187 1.60167 -0.0855371 -0.000107422
188 1.55081 -0.0930176 -0.000131836
189 1.52881 -0.0943115 0.00012207
190 1.56417 -0.092002 -9.76563E-5
191 1.58878 -0.0941016 0.00012207
192 1.55542 -0.0917627 0.000151367
193 1.58953 -0.0863867 0.000141602
194 1.52511 -0.0929688 0.000107422
195 1.59646 -0.0928418 9.27734E-5
196 1.51689 -0.0945117 0.00015625
197 1.57368 -0.0887646 -0.000366211
198 1.56166 -0.0887354 -0.000107422
199 1.5598 -0.0919434 -0.000341797
200 1.61003 -0.0887354 -0.000112305
201 1.55795 -0.0919678 0.000371094
202 1.58252 -0.097124 0.000102539
203 1.55617 -0.0878906 8.78906E-5
204 1.56131 -0.0910693 0.00034668
205 1.514 -0.0903418 -8.78906E-5
206 1.53438 -0.0924512 -9.76563E-5
207 1.55527 -0.0946631 0.000131836
208 1.4709 -0.0985889 0.000161133
209 1.55389 -0.0816406 0.000161133
210 1.55347 -0.0937451 0.000102539
211 1.54531 -0.0892822 0.000146484
212 1.57583 -0.0920459 -0.000361328
213 1.53899 -0.0944775 0.000117187
214 1.6419 -0.0849072 0.000151367
215 1.53176 -0.09479 -0.000371094
216 1.60351 -0.0894824 -0.000112305
217 1.56917 -0.0924023 -0.000112305
218 1.5899 -0.091167 -0.000136719
219 1.58868 -0.0830029 -0.000102539
220 1.58022 -0.0916357 0.000146484
221 1.56766 -0.0922949 0.00034668
222 1.56214 -0.0893799 0.000131836
223 1.54956 -0.0979297 0.000112305
224 1.59368 -0.0892871 0.000136719
225 1.56453 -0.0912939 0.000185547
226 1.59095 -0.089873 0.000180664
227 1.56858 -0.0934521 0.000141602
228 1.56417 -0.0913867 0.00012207
229 1.54309 -0.0894141 0.000131836
230 1.61777 -0.0801465 -0.000112305
231 1.56983 -0.0878906 -0.000107422
232 1.5311 -0.0927832 -0.000112305
233 1.55302 -0.0893359 -0.000112305
234 1.53883 -0.0960742 -0.000322266
235 1.56754 -0.0901221 -7.8125E-5
236 1.52899 -0.0967627 0.000126953
237 1.56157 -0.0930176 0.000112305
238 1.55496 -0.0899463 -9.76563E-5
239 1.53313 -0.0945557 -0.000107422
240 1.55053 -0.0920898 -0.000102539
241 1.54274 -0.0813916 0.000107422
242 1.56164 -0.0926758 -0.000371094
243 1.55341 -0.0937012 -9.76563E-5
244 1.56469 -0.0906543 0.000136719
245 1.58378 -0.0950244 6.83594E-5
246 1.58824 -0.0858301 0.000102539
247 1.53884 -0.0920215 -0.000102539
248 1.52024 -0.0933594 -0.000126953
249 1.56001 -0.0869043 -0.00012207
250 1.60175 -0.0918945 0.00012207
251 1.51118 -0.0932666 -8.78906E-5
252 1.59701 -0.0842822 -7.8125E-5
253 1.56372 -0.0911914 9.76563E-5
254 1.53679 -0.0927832 0.000375977
255 1.49386 -0.0970898 0.000170898
256 1.51067 -0.0997949 0.000136719
257 1.54772 -0.0908154 -9.27734E-5
258 1.55881 -0.0915381 0.000102539
259 1.59772 -0.0917871 0.000146484
260 1.55113 -0.0933447 -0.00012207
261 1.61954 -0.0882471 8.78906E-5
262 1.56951 -0.0914893 -0.000102539
263 1.61264 -0.0834473 -0.000102539
264 1.58632 -0.0911816 -8.78906E-5
265 1.58862 -0.0887939 -0.000126953
266 1.59558 -0.0871484 0.000136719
267 1.51385 -0.0973145 -0.000141602
268 1.55394 -0.0930566 -8.78906E-5
269 1.58229 -0.0873779 -0.000107422
270 1.54014 -0.0951904 -0.000126953
271 1.55829 -0.0887891 0.000166016
272 1.52625 -0.0954297 0.000146484
273 1.57244 -0.0900586 9.76563E-5
274 1.59911 -0.0814355 0.000356445
275 1.5065 -0.0962012 -9.76563E-5
276 1.52423 -0.0946973 -9.27734E-5
277 1.33358 -0.10665 -0.000112305
278 1.55701 -0.0930957 -0.00012207
279 1.63879 -0.0882324 0.000126953
280 1.55776 -0.0902051 -0.000112305
281 1.55207 -0.0894189 0.000131836
282 1.57974 -0.0915771 -0.000112305
283 1.53461 -0.0898096 -0.000146484
284 1.57478 -0.087915 -0.000161133
285 1.58949 -0.0849512 -0.00012207
286 1.528 -0.0919775 -7.32422E-5
287 1.53377 -0.0953564 0.000161133
288 1.62396 -0.0888037 0.000166016
289 1.5385 -0.0973926 -0.000356445
290 1.56643 -0.0898584 -0.000136719
291 1.60493 -0.0871338 -0.000351562
292 1.60439 -0.0907666 0.000102539
293 1.5946 -0.0889111 -0.00012207
294 1.54058 -0.0934326 -0.000117187
295 1.5397 -0.0928711 0.00012207
296 1.60586 -0.0824707 -0.000371094
297 1.59711 -0.086084 -0.000380859
298 1.59618 -0.0907227 0.00015625
299 1.60897 -0.0886572 -7.8125E-5
300 1.60749 -0.0944434 0.000161133
301 1.53958 -0.0922754 -0.000107422
302 1.61412 -0.0881592 0.000141602
303 1.52916 -0.0939355 0.000375977
304 1.56873 -0.0902588 0.000131836
305 1.53104 -0.0908447 0.00012207
306 1.61023 -0.0901221 -0.000107422
307 1.61173 -0.0854395 0.000395508
308 1.53121 -0.0912842 0.000117187
309 1.50246 -0.0942041 -0.000131836
310 1.57327 -0.0884375 -0.000112305
311 1.51842 -0.0963623 9.27734E-5
312 1.54605 -0.092417 -0.000166016
313 1.55561 -0.0899121 -0.000136719
314 1.58113 -0.0890137 0.000146484
315 1.57915 -0.090127 0.000112305
316 1.57395 -0.0913184 0.00015625
317 1.72703 -0.0815674 0.000126953
318 1.57791 -0.0825977 -0.000102539
319 1.52495 -0.0934424 0.000146484
320 1.59962 -0.0881982 -9.76563E-5
321 1.58269 -0.0879883 0.000102539
322 1.56416 -0.0898389 -9.27734E-5
323 1.57676 -0.0909668 0.000146484
324 1.51695 -0.0955029 0.00012207
325 1.54402 -0.0884521 -0.000102539
326 1.5306 -0.0949414 -0.00034668
327 1.54133 -0.091626 -0.000166016
328 1.57789 -0.0875098 -0.000102539
329 1.55677 -0.0867773 0.000151367
330 1.58753 -0.0892822 0.000126953
331 1.55136 -0.0938379 0.000146484
332 1.68703 -0.0843408 -9.27734E-5
333 1.53807 -0.0938232 0.000131836
334 1.57248 -0.0913818 0.000117187
335 1.57847 -0.0924951 -0.000131836
336 1.53823 -0.0910547 0.000102539
337 1.52284 -0.0900098 0.000126953
338 1.52107 -0.0953662 0.000136719
339 1.44433 -0.0978369 0.000141602
340 1.55508 -0.0842187 -0.000141602
341 1.58503 -0.0927686 0.000146484
342 1.54384 -0.0913916 -0.000117187
343 1.56392 -0.0933838 -0.000102539
344 1.53996 -0.094209 -6.83594E-5
345 1.59245 -0.088418 -9.27734E-5
346 1.56494 -0.0941748 -0.000302734
347 1.5544 -0.0915527 -0.000112305
348 1.52576 -0.0887207 0.00015625
349 1.56898 -0.0920557 -0.000117187
350 1.58146 -0.0880566 -8.78906E-5
351 1.61573 -0.0864941 -0.000327148
352 1.61028 -0.0885547 0.000146484
353 1.58238 -0.089292 0.000117187
354 1.6001 -0.0864355 -0.000107422
355 1.52383 -0.0899609 0.000141602
356 1.53512 -0.0931543 0.000136719
357 1.55764 -0.0946289 -8.30078E-5
358 1.61772 -0.0911865 -9.76563E-5
359 1.55106 -0.0928955 -0.000126953
360 1.52099 -0.0946875 0.000180664
361 1.52501 -0.0942041 -8.30078E-5
362 1.59785 -0.0872754 0.000112305
363 1.55271 -0.0898535 0.000136719
364 1.58427 -0.087666 -9.76563E-5
365 1.55099 -0.0942725 0.00012207
366 1.56079 -0.0927295 -0.000102539
367 1.61441 -0.0878711 -0.000576172
368 1.57129 -0.0902051 -0.000356445
369 1.54265 -0.090376 -0.000117187
370 1.57571 -0.0888672 -0.00034668
371 1.56184 -0.0941113 9.76563E-5
372 1.57837 -0.0896582 0.00012207
373 1.55114 -0.08979 0.000126953
374 1.56588 -0.093208 0.000131836
375 1.59321 -0.0888232 -0.000126953
376 1.58325 -0.0889502 0.000146484
377 1.50897 -0.0949365 0.000141602
378 1.47409 -0.0961963 -0.000361328
379 1.56453 -0.0935596 0.000175781
380 1.5954 -0.0926367 7.8125E-5
381 1.53463 -0.0908838 0.000166016
382 1.57179 -0.0931494 -7.32422E-5
383 1.55202 -0.0897363 0.000146484
384 1.59884 -0.090376 -0.000356445
385 1.57938 -0.090791 0.00015625
386 1.55677 -0.0881641 -0.000161133
387 1.56333 -0.0906738 -0.000371094
388 1.57902 -0.0891943 -0.000141602
389 1.5602 -0.0925391 -9.76563E-5
390 1.60639 -0.0901855 0.000136719
391 1.5618 -0.0899561 0.000107422
392 1.52341 -0.0908252 0.000131836
393 1.53858 -0.0948584 0.00015625
394 1.57642 -0.0933154 -0.000112305
395 1.57055 -0.09021 0.000136719
396 1.59183 -0.0888818 -0.000117187
397 1.48903 -0.0919092 -0.000126953
398 1.59445 -0.0920947 0.000141602
399 1.60349 -0.0877783 0.000112305
400 1.59288 -0.0914502 -0.00015625
401 1.56474 -0.0906201 0.000131836
402 1.56141 -0.090957 0.00019043
403 1.52914 -0.0955176 0.000361328
404 1.55552 -0.0933545 -8.30078E-5
405 1.52984 -0.0971875 -0.000112305
406 1.63481 -0.0843555 -0.00034668
407 1.56665 -0.0940283 -0.000102539
408 1.53799 -0.093374 0.000126953
409 1.6108 -0.0868164 0.000126953
410 1.5948 -0.0925342 0.000131836
411 1.55099 -0.0911084 0.000136719
412 1.60696 -0.0878076 -9.27734E-5
413 1.7012 -0.0855469 -0.000107422
414 1.52533 -0.0931055 0.00015625
415 1.52817 -0.096377 0.000131836
416 1.56586 -0.0934961 0.000180664
417 1.59181 -0.0892725 0.000136719
418 1.59509 -0.0864502 -0.000126953
419 1.59905 -0.0894971 -0.000131836
420 1.51849 -0.091123 0.00012207
421 1.52022 -0.0950049 -0.000361328
422 1.50937 -0.0935205 -0.000112305
423 1.55877 -0.0889404 0.000351562
424 1.63067 -0.0851025 9.76563E-5
425 1.53814 -0.0924219 0.000112305
426 1.61761 -0.0890918 0.000141602
427 1.53994 -0.0923682 0.000146484
428 1.60863 -0.0878564 -0.000112305
429 1.62665 -0.0894824 -9.27734E-5
430 1.60843 -0.0894971 0.00012207
431 1.52716 -0.0944775 -0.000141602
432 1.57564 -0.0936377 0.000141602
433 1.5616 -0.0911621 0.000126953
434 1.57806 -0.0899854 0.000112305
435 1.54283 -0.0935938 0.000102539
436 1.58403 -0.0909717 9.27734E-5
437 1.5561 -0.0925195 -0.000112305
438 1.54973 -0.0935645 0.00012207
439 1.53789 -0.0958154 0.00012207
440 1.57369 -0.0887207 0.000136719
441 1.55731 -0.0939746 -0.00059082
442 1.60555 -0.0854883 0.000107422
443 1.59892 -0.0911475 -0.000405273
444 1.51213 -0.0911768 -0.000131836
445 1.57312 -0.092627 0.000131836
446 1.58816 -0.0887549 -0.000117187
447 1.58089 -0.0896973 7.8125E-5
448 1.5756 -0.0916504 0.000107422
449 1.49148 -0.097085 0.000102539
450 1.54471 -0.0989014 9.76563E-5
451 1.53353 -0.0912451 0.000112305
452 1.57657 -0.0883545 0.000117187
453 1.55525 -0.0927148 0.000131836
454 1.58718 -0.0923535 -0.000102539
455 1.51124 -0.0949365 -6.83594E-5
456 1.61168 -0.0895654 0.00015625
457 1.59559 -0.0915918 0.000126953
458 1.48865 -0.0972656 -0.000336914
459 1.6188 -0.0860889 0.000400391
460 1.55101 -0.0897412 -0.00012207
461 1.5371 -0.0976465 -9.76563E-5
462 1.59772 -0.0920898 0.000146484
463 1.56622 -0.0936426 -6.83594E-5
464 1.55451 -0.092124 0.000146484
465 1.56718 -0.0885937 -0.00012207
466 1.56441 -0.0943066 0.000136719
467 1.54878 -0.0935498 0.000136719
468 1.51909 -0.0957764 0.000112305
469 1.51656 -0.0902246 0.000131836
470 1.5692 -0.0923975 0.000117187
471 1.5644 -0.0921973 0.000131836
472 1.5496 -0.0989355 0.00015625
473 1.52769 -0.0907275 0.000356445
474 1.56899 -0.0891357 -0.000102539
475 1.55988 -0.0915723 0.000126953
476 1.55113 -0.0947803 -9.76563E-5
477 1.54533 -0.0921973 -8.78906E-5
478 1.53844 -0.0923438 -0.000341797
479 1.51768 -0.093208 0.000141602
480 1.55396 -0.0930615 0.000112305
481 1.57684 -0.0868311 0.000112305
482 1.48953 -0.0977002 -0.000102539
483 1.50227 -0.103223 0.000126953
484 1.52973 -0.0950146 -0.000136719
485 1.57753 -0.0936768 -9.76563E-5
486 1.55734 -0.0890723 -0.000112305
487 1.59647 -0.0885742 0.00015625
488 1.59911 -0.0874756 -0.000102539
489 1.55081 -0.089375 -6.83594E-5
490 1.57836 -0.0889502 0.000117187
491 1.58569 -0.0895801 -0.00012207
492 1.55938 -0.0939062 0.000136719
493 1.59141 -0.0921973 0.000146484
494 1.58848 -0.0974609 0.000161133
495 1.57135 -0.0898877 -0.000117187
496 1.57207 -0.0934961 0.000107422
497 1.46552 -0.0997607 -0.000141602
498 1.55441 -0.0906885 -5.85937E-5
499 1.59917 -0.0924951 0.000112305
500 1.5458 -0.0943994 -0.00012207
501 1.57997 -0.090918 -0.000146484
502 1.55717 -0.0951025 0.000151367
503 1.57838 -0.0885596 9.76563E-5
504 1.54607 -0.0913037 0.000180664
505 1.54743 -0.102905 0.000131836
506 1.54828 -0.093252 0.000126953
507 1.63237 -0.0901562 -4.88281E-5
508 1.54964 -0.0931543 -7.8125E-5
509 1.54505 -0.0924072 0.000180664
510 1.59707 -0.089082 -7.8125E-5
511 1.56595 -0.0919873 0.000136719
512 1.55533 -0.0904492 -0.000136719
513 1.57102 -0.091377 -0.000117187
514 1.52897 -0.0938965 0.000126953
515 1.55045 -0.088999 -0.000356445
516 1.53503 -0.101475 -7.8125E-5
517 1.57739 -0.0923047 -0.000107422
518 1.5664 -0.0927246 -9.27734E-5
519 1.51359 -0.0910498 0.000146484
520 1.63457 -0.0878418 -0.00034668
521 1.53673 -0.095376 0.000131836
522 1.49803 -0.0928271 -0.000356445
523 1.57437 -0.0902393 0.000126953
524 1.57544 -0.0919727 -4.88281E-5
525 1.56891 -0.0904883 -8.78906E-5
526 1.60104 -0.0903955 0.00012207
527 1.53791 -0.100669 -0.000107422
528 1.53021 -0.0952686 -0.00012207
529 1.52714 -0.090127 0.000180664
530 1.51451 -0.0942188 -0.000131836
531 1.52751 -0.0923877 -0.000112305
532 1.54082 -0.0951611 0.000126953
533 1.60142 -0.0855078 0.000136719
534 1.61107 -0.0883203 0.000161133
535 1.5784 -0.0913916 -0.000356445
536 1.53874 -0.0930176 -0.000117187
537 1.5764 -0.0875928 -0.000356445
538 1.56466 -0.100249 0.000141602
539 1.60577 -0.0921875 -0.00012207
540 1.63604 -0.0899658 -9.27734E-5
541 1.54638 -0.0923779 0.00015625
542 1.53307 -0.0900684 0.000107422
543 1.6166 -0.0868945 -0.000107422
544 1.54878 -0.0942969 0.000175781
545 1.54194 -0.0915771 0.00019043
546 1.5438 -0.0913086 -6.83594E-5
547 1.5846 -0.0931201 7.8125E-5
548 1.56825 -0.0890723 -0.000126953
549 1.51219 -0.0987256 -9.27734E-5
550 1.59523 -0.0887012 0.000136719
551 1.52705 -0.09521 0.00012207
552 1.57568 -0.0919434 0.000380859
553 1.52882 -0.092334 -0.000102539
554 1.56108 -0.0898535 -0.000385742
555 1.58872 -0.0927686 -0.000117187
556 1.57105 -0.0853857 9.76563E-5
557 1.58656 -0.0900537 0.000151367
558 1.55247 -0.0937646 -0.000117187
559 1.71728 -0.0806201 0.000166016
560 1.57826 -0.0979834 -0.000112305
561 1.5292 -0.0916504 -0.000107422
562 1.56358 -0.0903125 0.000141602
563 1.59554 -0.0867529 -7.8125E-5
564 1.5676 -0.0876514 0.000117187
565 1.51441 -0.0946826 0.000161133
566 1.53674 -0.0914453 0.00012207
567 1.56115 -0.0812012 0.000151367
568 1.62522 -0.0864697 9.27734E-5
569 1.58592 -0.0882031 -3.41797E-5
570 1.59189 -0.0920068 -0.000161133
571 1.61721 -0.0948535 -8.30078E-5
572 1.58119 -0.092373 0.00015625
573 1.54316 -0.0923242 -0.000102539
574 1.55354 -0.0930176 -0.000332031
575 1.57999 -0.0922949 -7.8125E-5
576 1.56437 -0.0881104 -0.00012207
577 1.52261 -0.0963379 0.000131836
578 1.58491 -0.0803906 0.000112305
579 1.53029 -0.0952637 9.27734E-5
580 1.56244 -0.0935596 0.000131836
581 1.55001 -0.0918311 0.00012207
582 1.52176 -0.0951465 0.000117187
583 1.55715 -0.0923096 0.000141602
584 1.54923 -0.0914893 0.000161133
585 1.60218 -0.0906299 0.00012207
586 1.55109 -0.0925098 0.00012207
587 1.52693 -0.0953809 -0.000107422
588 1.62808 -0.0906152 -0.000107422
589 1.61377 -0.077168 -0.000107422
590 1.55657 -0.0881348 0.000151367
591 1.56786 -0.0919189 -9.76563E-5
592 1.58275 -0.0899219 -0.000117187
593 1.61779 -0.0972949 0.000117187
594 1.5753 -0.0927002 -0.00015625
595 1.5374 -0.0924951 0.00015625
596 1.59622 -0.0888818 0.000151367
597 1.58983 -0.0921631 0.00012207
598 1.59768 -0.0867773 0.000151367
599 1.53661 -0.0928223 0.000102539
600 1.56927 -0.0826514 -0.000136719
601 1.54116 -0.0885498 0.000166016
602 1.54222 -0.0931494 0.000131836
603 1.58094 -0.0868994 -9.27734E-5
604 1.59385 -0.0920898 0.000102539
605 1.57014 -0.0912012 9.76563E-5
606 1.59847 -0.089707 -0.000117187
607 1.54362 -0.0943018 0.000141602
608 1.65167 -0.0837695 0.000136719
609 1.55399 -0.0943701 -9.76563E-5
610 1.54222 -0.0940332 -0.00012207
611 1.59303 -0.0801221 -0.000107422
612 1.58084 -0.0874268 -0.000126953
613 1.5655 -0.0919482 0.000112305
614 1.55419 -0.0919482 0.000161133
615 1.53397 -0.0963184 0.000117187
616 1.54192 -0.0929395 0.000180664
617 1.58948 -0.0871973 -0.000126953
618 1.5942 -0.0859717 -0.000112305
619 1.56846 -0.0909033 -0.000117187
620 1.60286 -0.0894336 -9.76563E-5
621 1.54985 -0.0934033 -8.30078E-5
622 1.61155 -0.0845459 0.000131836
623 1.5419 -0.0896631 0.000141602
624 1.57127 -0.0907715 0.000112305
625 1.61168 -0.085542 0.00012207
626 1.55059 -0.0978613 0.000151367
627 1.62271 -0.0840186 0.000131836
628 1.5775 -0.0904688 0.00012207
629 1.57011 -0.0891504 0.000161133
630 1.54068 -0.0917725 -9.76563E-5
631 1.58089 -0.0935645 0.000126953
632 1.57436 -0.0900977 0.000112305
633 1.61391 -0.0820654 -0.000117187
634 1.5037 -0.0975391 0.000117187
635 1.57689 -0.0926221 0.000141602
636 1.59355 -0.0911084 0.000117187
637 1.56032 -0.0942627 -0.000107422
638 1.6081 -0.0899316 -9.27734E-5
639 1.57931 -0.0912158 0.00015625
640 1.43575 -0.100884 0.000136719
641 1.55966 -0.0916699 -0.000112305
642 1.54567 -0.0891602 -0.000117187
643 1.53722 -0.091709 0.000131836
644 1.59007 -0.0850342 -0.000136719
645 1.59458 -0.0900146 -0.000327148
646 1.53768 -0.0897314 -0.000341797
647 1.54559 -0.0940967 0.000161133
648 1.54805 -0.0937891 0.000175781
649 1.58483 -0.0883252 0.00015625
650 1.55215 -0.0928809 0.000175781
651 1.59459 -0.0893311 0.00015625
652 1.47301 -0.0946191 -0.000126953
653 1.53282 -0.090752 0.000151367
654 1.58869 -0.09021 -0.000126953
655 1.5683 -0.0843555 0.000170898
656 1.57353 -0.0901514 0.000185547
657 1.41405 -0.0989893 0.000151367
658 1.54319 -0.0904492 0.000131836
659 1.47313 -0.0985889 0.000180664
660 1.58209 -0.0897559 0.000126953
661 1.60465 -0.091123 -0.000141602
662 1.60553 -0.0905225 -0.000131836
663 1.54273 -0.092334 -0.000107422
664 1.59585 -0.0884619 0.000395508
665 1.54399 -0.0905762 0.000170898
666 1.55468 -0.0847021 0.000136719
667 1.5352 -0.0907861 -0.00012207
668 1.54054 -0.0944971 -8.78906E-5
669 1.5628 -0.0942383 -0.000117187
670 1.45966 -0.0991211 0.000126953
671 1.51776 -0.0917041 -7.32422E-5
672 1.53038 -0.0929102 -0.000102539
673 1.50356 -0.0946289 -0.000107422
674 1.59124 -0.0892334 0.000112305
675 1.58534 -0.0891748 0.000136719
676 1.54394 -0.0879541 -0.000107422
677 1.57733 -0.0859961 0.000166016
678 1.5812 -0.0902051 9.27734E-5
679 1.55937 -0.0901025 -9.76563E-5
680 1.52637 -0.0925049 -8.30078E-5
681 1.54219 -0.0959912 -9.76563E-5
682 1.58834 -0.089043 -9.27734E-5
683 1.57355 -0.0923438 -0.000117187
684 1.58887 -0.0901318 -0.00012207
685 1.58656 -0.087832 -0.00012207
686 1.60272 -0.0859229 -0.000131836
687 1.56551 -0.0936914 0.000136719
688 1.60011 -0.0853027 0.000151367
689 1.58546 -0.0877295 -9.76563E-5
690 1.56962 -0.0893115 -0.00012207
691 1.59616 -0.0881787 0.000131836
692 1.61397 -0.093335 0.000107422
693 1.53315 -0.0923438 -9.76563E-5
694 1.56184 -0.0887061 0.000146484
695 1.57625 -0.0949023 -8.30078E-5
696 1.57467 -0.094458 0.000131836
697 1.62142 -0.0902441 -0.000107422
698 1.52029 -0.0915771 -0.000146484
699 1.57908 -0.0831055 -0.000107422
700 1.49854 -0.0936621 -0.000566406
701 1.54529 -0.093584 -0.000136719
702 1.54552 -0.0893457 -0.000136719
703 1.554 -0.0965723 0.00015625
704 1.57635 -0.0908447 0.000131836
705 1.57648 -0.0921533 -0.000380859
706 1.57422 -0.0953662 0.000112305
707 1.60929 -0.0898047 0.000322266
708 1.55021 -0.0938916 0.000136719
709 1.53858 -0.0951025 0.000136719
710 1.57905 -0.0851172 0.000126953
711 1.59704 -0.0886865 7.8125E-5
712 1.57608 -0.0916162 -0.00012207
713 1.56356 -0.0920654 -9.76563E-5
714 1.56492 -0.0957422 -0.000136719
715 1.54374 -0.0880322 0.00012207
716 1.54589 -0.0942676 9.76563E-5
717 1.76831 -0.0819385 -0.000136719
718 1.58006 -0.0885889 -0.00012207
719 1.54575 -0.0946045 0.000380859
720 1.5697 -0.0908252 0.000117187
721 1.56471 -0.0865088 0.000107422
722 1.52054 -0.0916553 -0.000131836
723 1.58736 -0.0907471 0.000112305
724 1.55861 -0.0930566 0.000136719
725 1.5376 -0.0907812 -4.88281E-5
726 1.51019 -0.093667 0.000136719
727 1.54346 -0.0925879 -0.00012207
728 1.5214 -0.0911377 0.000126953
729 1.5688 -0.0879639 0.000161133
730 1.5837 -0.0912988 -0.000107422
731 1.57416 -0.0912939 -9.76563E-5
732 1.55854 -0.0911719 -0.000351562
733 1.49675 -0.097793 -0.000141602
734 1.51794 -0.0943311 0.000141602
735 1.52328 -0.0930029 8.30078E-5
736 1.58208 -0.0885498 -0.000117187
737 1.58025 -0.08771 0.000166016
738 1.55504 -0.0915527 0.000102539
739 1.56564 -0.0891553 0.000131836
740 1.60626 -0.0906396 -0.000112305
741 1.51182 -0.0929199 0.000126953
742 1.53387 -0.09479 0.000136719
743 1.51702 -0.0933838 0.000126953
744 1.51363 -0.092251 0.00015625
745 1.50851 -0.0917773 9.76563E-5
746 1.5352 -0.0933691 0.000126953
747 1.49032 -0.0960986 -6.83594E-5
748 1.56533 -0.0871484 -0.000126953
749 1.54703 -0.0887256 -6.83594E-5
750 1.52147 -0.0958447 0.000126953
751 1.57802 -0.0883008 -6.83594E-5
752 1.55768 -0.0903223 -0.000117187
753 1.49794 -0.0924219 -0.000117187
754 1.58337 -0.0897266 -9.76563E-5
755 1.58703 -0.0881934 0.000170898
756 1.56748 -0.0935303 -0.000107422
757 1.62098 -0.0866357 -0.000102539
758 1.53759 -0.0935352 0.000141602
759 1.58151 -0.0912988 -0.00012207
760 1.58347 -0.0869824 0.000146484
761 1.54761 -0.089834 -0.000117187
762 1.5912 -0.0901074 -0.000317383
763 1.5652 -0.092041 -0.000117187
764 1.61095 -0.0899121 0.000136719
765 1.5488 -0.0938574 -0.000136719
766 1.56225 -0.0930615 0.000141602
767 1.5606 -0.0902441 0.000117187
768 1.55639 -0.0933057 -0.000112305
769 1.57579 -0.0904834 -9.27734E-5
770 1.57812 -0.0881006 0.00015625
771 1.59009 -0.0905176 -0.000107422
772 1.60219 -0.0871094 0.000131836
773 1.52673 -0.0928857 -0.000107422
774 1.60475 -0.0879102 -0.000112305
775 1.57676 -0.0917969 -9.76563E-5
776 1.57915 -0.0900098 -0.000136719
777 1.57309 -0.0883447 0.00012207
778 1.61087 -0.086958 -9.76563E-5
779 1.56102 -0.0937109 0.000175781
780 1.5794 -0.09104 -0.000136719
781 1.58344 -0.0905273 0.000141602
782 1.56696 -0.0896875 -0.000136719
783 1.52465 -0.0927881 -0.000126953
784 1.57804 -0.0900049 0.000136719
785 1.55835 -0.0926709 0.000366211
786 1.53536 -0.0947363 -0.000117187
787 1.56539 -0.0931934 0.000112305
788 1.52798 -0.0935254 -0.000136719
789 1.57246 -0.0896289 0.000136719
790 1.56299 -0.0917773 0.000117187
791 1.5712 -0.0878174 -0.000117187
792 1.5957 -0.0905176 -0.000112305
793 1.54329 -0.087915 -0.000356445
794 1.54557 -0.0921045 0.000146484
795 1.59123 -0.0889795 -0.000136719
796 1.56235 -0.0931152 -0.000170898
797 1.56183 -0.0916895 -0.000131836
798 1.4735 -0.0947998 -0.000136719
799 1.4984 -0.0929932 0.000131836
800 1.54727 -0.0934326 0.000146484
801 1.63671 -0.0898633 0.000151367
802 1.55513 -0.0876758 -9.27734E-5
803 1.54136 -0.0953809 -0.000107422
804 1.54763 -0.0920068 -0.000112305
805 1.6041 -0.0903174 0.000151367
806 1.57089 -0.0903369 -0.00012207
807 1.57199 -0.0939111 -8.78906E-5
808 1.59865 -0.0893945 -0.000131836
809 1.58407 -0.0914502 0.000136719
810 1.58441 -0.0924414 -0.000102539
811 1.55904 -0.0947852 0.000390625
812 1.57319 -0.0895313 -0.00012207
813 1.59942 -0.0903711 -0.000117187
814 1.57836 -0.0940576 -0.000126953
815 1.5591 -0.091875 0.000102539
816 1.55596 -0.0883447 0.000146484
817 1.55831 -0.0914893 -0.000112305
818 1.58645 -0.0877148 0.00012207
819 1.5704 -0.0931885 -0.000126953
820 1.54553 -0.0966846 -0.000366211
821 1.53454 -0.0925244 9.27734E-5
822 1.49678 -0.0939941 0.000131836
823 1.57672 -0.0913965 9.76563E-5
824 1.48944 -0.0917822 -9.76563E-5
825 1.5602 -0.0916162 0.000136719
826 1.53761 -0.0917969 -8.78906E-5
827 1.58697 -0.0932275 6.83594E-5
828 1.55979 -0.0953467 0.000136719
829 1.57984 -0.0918311 0.000131836
830 1.55596 -0.0932275 -0.000117187
831 1.58785 -0.0966016 -0.00012207
832 1.62957 -0.0874854 0.00012207
833 1.57008 -0.0886914 -0.000107422
834 1.56441 -0.0913818 0.000131836
835 1.55632 -0.0914648 -0.000126953
836 1.6298 -0.0851514 0.000136719
837 1.51266 -0.0904443 -0.00012207
838 1.57917 -0.0912207 0.000126953
839 1.56963 -0.0914453 -0.000102539
840 1.59017 -0.0923584 -0.000126953
841 1.53145 -0.0941748 -0.000141602
842 1.54536 -0.0981104 -0.000112305
843 1.56767 -0.090625 -0.000112305
844 1.56805 -0.087041 -0.00012207
845 1.59937 -0.0855957 0.000126953
846 1.63261 -0.085166 -9.27734E-5
847 1.56279 -0.0927393 -9.27734E-5
848 1.59619 -0.0896484 -8.78906E-5
849 1.56579 -0.0928418 -0.000126953
850 1.55687 -0.0917334 -0.00034668
851 1.58646 -0.0911768 -0.000117187
852 1.50073 -0.093877 0.000126953
853 1.57501 -0.0978076 0.000117187
854 1.54661 -0.0930811 0.000102539
855 1.55501 -0.0919189 0.000146484
856 1.56514 -0.0879297 -0.00012207
857 1.53294 -0.0882031 0.000131836
858 1.5611 -0.0922949 -8.30078E-5
859 1.59684 -0.0871289 0.00012207
860 1.57637 -0.089292 0.000126953
861 1.54592 -0.0902734 -7.8125E-5
862 1.55168 -0.0941992 -0.000117187
863 1.55036 -0.0903711 -0.000371094
864 1.50164 -0.106001 9.76563E-5
865 1.58318 -0.0926367 -0.000117187
866 1.50392 -0.0896094 0.000102539
867 1.55528 -0.0936768 0.000161133
868 1.55466 -0.089248 0.000102539
869 1.59418 -0.0908301 -9.27734E-5
870 1.55789 -0.0923633 0.000131836
871 1.55699 -0.0886719 0.000175781
872 1.53297 -0.0907715 -0.000126953
873 1.58325 -0.0914941 0.00015625
874 1.55395 -0.0934424 -9.76563E-5
875 1.56243 -0.102148 0.000112305
876 1.58827 -0.0893115 0.000146484
877 1.53294 -0.0954492 -0.000126953
878 1.55992 -0.0905273 -0.000131836
879 1.53938 -0.0890234 -0.000366211
880 1.5655 -0.0897119 -8.30078E-5
881 1.53483 -0.0920361 -8.30078E-5
882 1.59977 -0.0878516 -8.78906E-5
883 1.59662 -0.0864648 0.000141602
884 1.57113 -0.0925732 -0.000107422
885 1.59155 -0.085415 0.00012207
886 1.53363 -0.0974121 -8.78906E-5
887 1.49521 -0.0942432 -6.34766E-5
888 1.51173 -0.0915918 0.000136719
889 1.57814 -0.0912061 0.000146484
890 1.61727 -0.0906445 -9.76563E-5
891 1.57852 -0.0908252 -9.76563E-5
892 1.54749 -0.0900244 0.00012207
893 1.63401 -0.0885205 -9.76563E-5
894 1.49909 -0.0942334 0.000161133
895 1.53324 -0.0886572 -4.88281E-5
896 1.54552 -0.0936963 0.000117187
897 1.47679 -0.104775 -7.8125E-5
898 1.54708 -0.0931348 0.000126953
899 1.53769 -0.0895215 0.000146484
900 1.57827 -0.092334 -0.000102539
901 1.55006 -0.0939795 0.000141602
902 1.56661 -0.0928809 -5.85937E-5
903 1.57433 -0.0895996 -0.000146484
904 1.56326 -0.0881445 -0.000107422
905 1.57019 -0.0881104 -9.27734E-5
906 1.4922 -0.0920703 0.000102539
907 1.54841 -0.0946094 -8.30078E-5
908 1.57196 -0.100122 -0.000375977
909 1.57762 -0.0924463 0.000136719
910 1.52086 -0.0944287 -0.000107422
911 1.5912 -0.0879687 -8.78906E-5
912 1.55717 -0.090957 -0.000117187
913 1.57073 -0.0879492 -0.000117187
914 1.53441 -0.088252 0.000126953
915 1.54649 -0.0890186 0.00015625
916 1.54759 -0.0898193 -0.000117187
917 1.59774 -0.0897021 -0.000136719
918 1.58246 -0.0907471 0.000136719
919 1.51486 -0.10251 0.00015625
920 1.58438 -0.0890527 -0.000102539
921 1.60764 -0.0870752 0.000136719
922 1.60815 -0.0868018 -0.000107422
923 1.54771 -0.0910938 0.000102539
924 1.5641 -0.0918994 -0.000112305
925 1.57414 -0.088584 0.000161133
926 1.60606 -0.0850781 -0.00034668
927 1.56284 -0.0905957 0.000161133
928 1.61885 -0.0898926 -0.000141602
929 1.56749 -0.0880908 0.00012207
930 1.55032 -0.0961182 -0.000126953
931 1.56536 -0.0907617 -8.30078E-5
932 1.54712 -0.0909863 -9.27734E-5
933 1.60998 -0.0908398 0.000424805
934 1.60911 -0.0902637 0.000141602
935 1.53698 -0.0907129 0.000141602
936 1.55267 -0.0926611 0.00012207
937 1.58001 -0.0848242 0.000136719
938 1.5941 -0.0894043 -0.000126953
939 1.55803 -0.0881836 -9.27734E-5
940 1.56566 -0.0907227 -0.000136719
941 1.54132 -0.100278 0.000136719
942 1.58349 -0.089917 0.000336914
943 1.59506 -0.0869873 0.000107422
944 1.5916 -0.0874707 -0.000341797
945 1.57208 -0.0914893 -0.000102539
946 1.56011 -0.0904541 0.000136719
947 1.52908 -0.090498 -8.78906E-5
948 1.5675 -0.0847412 -7.32422E-5
949 1.55956 -0.0900537 0.000131836
950 1.58107 -0.0898633 0.000151367
951 1.61105 -0.0897852 -0.00012207
952 1.55088 -0.0968701 0.000141602
953 1.5693 -0.0902197 -0.000126953
954 1.57198 -0.0888672 -8.78906E-5
955 1.57614 -0.0919629 0.000117187
956 1.56196 -0.0937012 -0.000117187
957 1.51933 -0.0923486 -0.000131836
958 1.54371 -0.0898047 0.000366211
959 1.59986 -0.0838818 -0.000117187
960 1.53864 -0.0944482 9.27734E-5
961 1.52116 -0.0916016 0.000117187
962 1.52385 -0.091001 0.000117187
963 1.56588 -0.0973828 0.000146484
964 1.5642 -0.0906543 0.000141602
965 1.58716 -0.0922656 -8.78906E-5
966 1.54249 -0.0949219 -0.000107422
967 1.54003 -0.0911768 0.000131836
968 1.58539 -0.0885498 0.000175781
969 1.57559 -0.0930859 -0.000371094
970 1.61938 -0.082168 -0.00012207
971 1.52356 -0.0960498 0.000112305
972 1.63064 -0.088916 -0.000336914
973 1.53099 -0.0891797 9.76563E-5
974 1.48465 -0.100337 -0.000107422
975 1.58703 -0.0871045 0.000390625
976 1.57769 -0.0924268 0.000146484
977 1.57296 -0.0904785 0.000107422
978 1.58405 -0.0917871 0.000136719
979 1.55919 -0.0906543 0.000131836
980 1.58054 -0.0881787 -8.78906E-5
981 1.58037 -0.0801025 0.000112305
982 1.56011 -0.0916309 -0.00034668
983 1.55642 -0.0884912 -0.000131836
984 1.58319 -0.0936719 0.000371094
985 1.56187 -0.0920557 0.000126953
986 1.54553 -0.0936768 -8.78906E-5
987 1.55294 -0.090293 -0.000131836
988 1.55927 -0.0931396 0.000141602
989 1.55729 -0.0889404 -0.000112305
990 1.53786 -0.0921436 -0.000126953
991 1.51886 -0.0951416 0.000131836
992 1.59639 -0.0814062 -0.000131836
993 1.55132 -0.088999 -0.000117187
994 1.6064 -0.0867773 0.000136719
995 1.55446 -0.0914453 -0.000131836
996 1.59527 -0.0928955 -0.000332031
997 1.5371 -0.0925195 -5.85937E-5
998 1.59665 -0.0872217 0.000107422
999 1.6718 -0.0868262 -6.83594E-5
1000 1.56454 -0.0914746 0.000107422
