Delay X Y R Y
1500000 -4.7684E-7 0 5.2929E-5 8.5831E-6
1510000 -4.7684E-7 0 3.4809E-5 2.718E-5
1520000 -4.7684E-7 -4.7684E-7 6.342E-5 5.6744E-5
1530000 0 0 6.9142E-5 6.7711E-5
1539999.9 0 0 1.955E-5 -7.1526E-6
1549999.9 0 0 7.0096E-5 -7.0572E-5
1559999.9 -4.7684E-7 0 4.7684E-5 -4.3392E-5
1569999.9 0 0 3.2902E-5 3.3856E-5
1579999.9 0 0 8.5831E-6 -5.7221E-6
1589999.9 0 0 4.3869E-5 4.3869E-5
1599999.9 0 0 7.7248E-5 7.0572E-5
1609999.8 -4.7684E-7 0 0.00011587 0.00010586
1619999.8 0 0 9.1076E-5 6.8665E-5
1629999.8 0 0 0.00010586 -1.6689E-5
1639999.8 0 0 0.00011683 -6.6758E-5
1649999.8 -4.7684E-7 0 5.7698E-5 -5.3883E-5
1659999.8 0 0 6.5327E-5 -3.0518E-5
1669999.8 0 0 4.0531E-5 2.7657E-5
1679999.7 0 0 6.7235E-5 5.3883E-5
1689999.7 0 0 9.2984E-5 2.2888E-5
1699999.7 0 0 8.9646E-5 1.4305E-5
1709999.7 0 0 4.6253E-5 -2.718E-5
1719999.7 0 0 6.7235E-5 -4.9115E-5
1729999.7 0 0 6.0082E-5 3.4333E-5
1739999.6 0 0 7.391E-5 6.8665E-5
1749999.6 0 0 3.9101E-5 3.8147E-6
1759999.6 0 0 2.9564E-5 -2.6226E-5
1769999.6 -4.7684E-7 0 3.0518E-5 1.5259E-5
1779999.6 -4.7684E-7 0 0.0001111 -8.5831E-6
1789999.6 0 0 0.00012016 -4.3392E-5
1799999.6 0 0 3.0041E-5 -1.9074E-5
1809999.5 0 0 1.5736E-5 1.6213E-5
1819999.5 0 0 4.4823E-5 4.0531E-5
1829999.5 0 0 2.3842E-5 1.0967E-5
1839999.5 0 0 4.2439E-5 1.1921E-5
1849999.5 0 0 1.3828E-5 2.861E-6
1859999.5 0 0 1.7166E-5 -1.5736E-5
1869999.4 0 0 2.0027E-5 -3.3379E-6
1879999.4 0 0 3.1472E-5 -3.2902E-5
1889999.4 -4.7684E-7 0 5.1976E-5 -2.6703E-5
1899999.4 0 0 1.4782E-5 -1.4782E-5
1909999.4 0 0 6.7711E-5 -4.673E-5
1919999.4 -4.7684E-7 0 4.2439E-5 -1.7166E-5
1929999.4 -4.7684E-7 0 5.9605E-5 2.8134E-5
1939999.3 -4.7684E-7 0 0.00010729 1.8597E-5
1949999.3 0 0 7.8202E-5 2.5273E-5
1959999.3 0 0 7.5818E-5 2.7657E-5
1969999.3 -4.7684E-7 0 3.7194E-5 1.6689E-5
1979999.3 0 0 4.53E-5 4.4823E-5
1989999.3 0 0 5.0545E-5 1.1444E-5
1999999.2 -4.7684E-7 0 4.0531E-5 -1.6213E-5
2009999.2 -4.7684E-7 0 5.9128E-5 3.2425E-5
2019999.2 0 0 4.7684E-5 2.3365E-5
2029999.2 0 0 4.673E-5 3.5286E-5
2039999.2 0 0 4.7684E-5 9.5368E-7
2049999.2 0 0 4.8638E-5 -4.9591E-5
2059999.2 0 0 2.6703E-5 -2.1458E-5
2069999.1 -4.7684E-7 0 1.955E-5 -3.3379E-6
2079999.1 0 0 2.8134E-5 2.7657E-5
2089999.1 0 0 2.3365E-5 -1.0491E-5
2099999.1 0 -4.7684E-7 1.3828E-5 -1.4305E-6
2109999.1 0 0 6.3897E-5 4.53E-5
2119999.1 0 0 5.2929E-5 2.8134E-5
2129999 0 0 5.0545E-5 3.624E-5
2139999 0 0 9.1076E-5 3.8624E-5
2149999 0 0 4.53E-5 9.5368E-7
2159999 0 0 2.0981E-5 1.6689E-5
2169999 0 0 5.4837E-5 4.8638E-5
2179999 -4.7684E-7 0 9.5368E-5 7.248E-5
2189999 0 0 7.391E-5 2.5273E-5
2199998.9 0 0 7.4864E-5 3.8624E-5
2209998.9 0 0 0.00012875 5.5313E-5
2219998.9 0 0 0.000103 4.2916E-6
2229998.9 0 0 5.3883E-5 9.5368E-7
2239998.9 0 0 6.9142E-5 2.8134E-5
2249998.9 0 0 3.3379E-5 2.9087E-5
2259998.8 -4.7684E-7 0 3.4333E-5 1.4305E-5
2269998.8 0 0 7.8202E-5 -1.7166E-5
2279998.8 0 0 8.7262E-5 -3.3379E-6
2289998.8 0 0 0.00010443 -9.06E-6
2299998.8 0 0 7.7248E-5 2.3842E-5
2309998.8 0 0 6.1989E-5 4.9591E-5
2319998.8 0 0 2.1935E-5 -9.5368E-7
2329998.7 0 0 4.4346E-5 -4.2439E-5
2339998.7 0 0 1.1921E-5 -1.0491E-5
2349998.7 -4.7684E-7 0 6.3897E-5 -4.7684E-6
2359998.7 0 0 8.8692E-5 -3.624E-5
2369998.7 0 0 4.1962E-5 -2.9087E-5
2379998.7 0 0 2.6226E-5 2.1935E-5
2389998.7 0 0 9.2507E-5 1.5259E-5
2399998.6 0 0 0.0001359 -4.9591E-5
2409998.6 -4.7684E-7 0 0.00011015 -3.6717E-5
2419998.6 0 0 0.00011397 -2.9564E-5
2429998.6 0 0 0.00010157 -1.5259E-5
2439998.6 0 0 0.00013733 5.2452E-6
2449998.6 -4.7684E-7 0 0.00011253 -2.9087E-5
2459998.5 -4.7684E-7 0 5.9605E-5 -2.3842E-6
2469998.5 0 0 9.7275E-5 1.1921E-5
2479998.5 0 0 6.5804E-5 -1.5259E-5
2489998.5 -4.7684E-7 0 2.861E-6 -2.3842E-6
2499998.5 0 0 4.2916E-5 3.1948E-5
2509998.5 0 0 6.2466E-5 -1.812E-5
2519998.5 0 0 5.2929E-5 -4.7684E-5
2529998.4 0 0 5.3883E-5 -3.1472E-5
2539998.4 0 0 4.6253E-5 -4.1008E-5
2549998.4 -4.7684E-7 0 1.2398E-5 -2.3842E-6
2559998.4 -4.7684E-7 0 5.436E-5 4.1962E-5
2569998.4 0 0 7.1049E-5 2.0981E-5
2579998.4 0 0 5.3406E-5 4.0531E-5
2589998.3 0 0 7.1526E-5 5.4837E-5
2599998.3 0 0 6.9619E-5 -8.5831E-6
2609998.3 0 0 7.1526E-5 -6.0082E-5
2619998.3 0 0 5.8651E-5 -5.7698E-5
2629998.3 0 0 2.3365E-5 -1.1444E-5
2639998.3 0 0 6.2943E-5 2.861E-5
2649998.3 0 0 4.3869E-5 -5.7221E-6
2659998.2 0 0 1.2875E-5 -9.06E-6
1500000 0 0 8.2493E-5 6.2466E-5
1510000 -4.7684E-7 0 5.9605E-5 1.1921E-5
1520000 -4.7684E-7 0 2.9564E-5 -2.9564E-5
1530000 0 0 4.0055E-5 1.8597E-5
1539999.9 0 0 5.7698E-5 5.1022E-5
1549999.9 -4.7684E-7 0 3.4333E-5 3.4333E-5
1559999.9 0 0 3.2902E-5 2.5273E-5
1569999.9 0 0 7.2003E-5 -1.5736E-5
1579999.9 0 0 0.000103 -8.8215E-5
1589999.9 0 0 0.00012827 -7.7725E-5
1599999.9 0 0 0.00022507 -0.00012779
1609999.8 0 0 0.00019837 -0.00012541
1619999.8 -4.7684E-7 0 1.8597E-5 1.6213E-5
1629999.8 0 0 0.00013256 0.00011587
1639999.8 0 0 2.9087E-5 1.0967E-5
1649999.8 0 0 5.8174E-5 -5.9128E-5
1659999.8 0 0 0.00012398 -0.00010395
1669999.8 0 0 7.3433E-5 -7.1049E-5
1679999.7 0 0 1.7643E-5 1.8597E-5
1689999.7 -4.7684E-7 0 4.7207E-5 3.6717E-5
1699999.7 0 0 0.00013733 0.00013113
1709999.7 0 0 0.00012159 0.00011873
1719999.7 0 0 9.1553E-5 6.7235E-5
1729999.7 -4.7684E-7 0 1.955E-5 3.8147E-6
1739999.6 0 0 7.8202E-5 -6.9142E-5
1749999.6 0 0 6.8665E-5 -6.7711E-5
1759999.6 0 0 0.00011635 -0.00011635
1769999.6 -4.7684E-7 0 6.7711E-5 -6.3897E-5
1779999.6 0 0 0.0001359 -9.5368E-7
1789999.6 -4.7684E-7 0 0.0001545 -1.5259E-5
1799999.6 0 0 4.2439E-5 3.9101E-5
1809999.5 0 0 8.2017E-5 7.6294E-5
1819999.5 0 0 4.2439E-5 -4.2916E-5
1829999.5 0 0 9.8229E-5 -9.1553E-5
1839999.5 0 0 7.3433E-5 5.7221E-5
1849999.5 0 0 0.00013971 9.2984E-5
1859999.5 0 0 0.00010681 -4.7684E-5
1869999.4 0 0 0.00010491 -8.4401E-5
1879999.4 -4.7684E-7 0 0.00010252 1.5736E-5
1889999.4 -4.7684E-7 0 0.0001173 1.812E-5
1899999.4 -4.7684E-7 0 3.1948E-5 -2.3365E-5
1909999.4 -4.7684E-7 0 5.8651E-5 -4.7684E-6
1919999.4 -4.7684E-7 0 7.248E-5 -4.2439E-5
1929999.4 0 0 0.00012398 -0.00010014
1939999.3 0 0 2.2888E-5 -1.812E-5
1949999.3 0 0 8.3447E-5 -6.485E-5
1959999.3 0 0 0.00010395 -6.7235E-5
1969999.3 0 0 6.9142E-5 -2.9087E-5
1979999.3 0 0 0.00017738 -5.2929E-5
1989999.3 0 0 9.4414E-5 3.767E-5
1999999.2 0 0 9.7752E-5 9.203E-5
2009999.2 -4.7684E-7 0 7.8202E-5 3.6717E-5
2019999.2 -4.7684E-7 0 6.7711E-5 -6.1513E-5
2029999.2 0 0 0.00013638 -0.00013638
2039999.2 0 0 7.8202E-5 -5.2452E-5
2049999.2 -4.7684E-7 0 0.00012445 -1.0014E-5
2059999.2 0 0 8.7739E-5 8.4401E-5
2069999.1 0 0 0.00019646 0.00019837
2079999.1 0 0 0.00017786 0.00015974
2089999.1 -4.7684E-7 0 9.5368E-6 7.6295E-6
2099999.1 -4.7684E-7 0 1.7166E-5 8.5831E-6
2109999.1 0 0 9.6322E-5 2.1094
2119999.1 -4.7684E-7 0 0.0001359 -34.594
2129999 0 0 0.00010109 -20.891
2139999 -4.7684E-7 0 0.00017023 16.172
2149999 0 0 0.0001235 14.836
2159999 0 0 9.3937E-5 70.102
2169999 0 0 7.248E-5 45.563
2179999 0 0 0.00012684 -75.821
2189999 -4.7684E-7 0 9.203E-5 -77.36
2199998.9 0 0 7.7248E-5 33.149
2209998.9 0 0 5.5313E-5 35.196
2219998.9 0 0 4.3869E-5 168.26
2229998.9 -4.7684E-7 -4.7684E-7 3.0995E-5 -99.844
2239998.9 -4.7684E-7 0 7.9632E-5 -93.126
2249998.9 0 0 4.0055E-5 -118.07
2259998.8 0 0 0.00010634 -42.891
2269998.8 0 0 0.00013495 -69.282
2279998.8 -4.7684E-7 0 0.00010729 -54.508
2289998.8 0 0 0.00012112 -31.813
2299998.8 0 0 9.8229E-5 11.984
2309998.8 0 0 0.00013256 16.235
2319998.8 0 0 0.00014305 28.156
2329998.7 0 0 0.00014687 21.485
2339998.7 0 0 0.00012493 33.391
2349998.7 0 0 0.00010777 16.695
2359998.7 0 0 0.00014925 12.524
2369998.7 0 0 0.00017119 -23.922
2379998.7 0 0 0.00011158 -24.945
2389998.7 -4.7684E-7 0 0.00010729 17.016
2399998.6 0 0 0.00012827 42.61
2409998.6 0 0 0.00017357 33.25
2419998.6 0 0 0.00010967 34.985
2429998.6 0 0 0.00016356 26.141
2439998.6 0 0 0.00013781 15.328
2449998.6 0 0 0.0001359 44.5
2459998.5 0 0 9.06E-5 60.25
2469998.5 0 0 6.5804E-5 90.868
2479998.5 0 0 1.3352E-5 -151.3
2489998.5 0 0 8.4401E-5 -158.83
2499998.5 0 0 6.1989E-5 -103.75
2509998.5 0 0 0.0001173 -90.329
2519998.5 0 0 0.00010491 -48.297
2529998.4 0 0 0.00019217 -35.274
2539998.4 -4.7684E-7 0 0.00015974 -38.907
2549998.4 -4.7684E-7 0 9.4414E-5 -13.195
2559998.4 0 0 6.1989E-6 39.797
2569998.4 0 0 1.0967E-5 149.02
2579998.4 -4.7684E-7 0 0.00010157 -106.81
2589998.3 0 0 6.9142E-5 -96.157
2599998.3 0 0 0.00010061 -39.399
2609998.3 0 0 4.9591E-5 -85.571
2619998.3 0 0 8.5354E-5 139.2
2629998.3 0 0 7.391E-5 95.54
2639998.3 0 0 6.7235E-5 -51.516
2649998.3 -4.7684E-7 0 6.2466E-5 -53.383
2659998.2 0 0 0.00013495 14.734
1500000 -4.7684E-7 0 6.4374E-5 99.266
1510000 -4.7684E-7 0 6.5327E-5 135.82
1520000 -4.7684E-7 0 0.00010109 -169.17
1530000 -4.7684E-7 0 2.4319E-5 156.56
1539999.9 0 0 8.3924E-5 10.906
1549999.9 -4.7684E-7 0 4.1485E-5 114.22
1559999.9 0 0 0.00016356 147.77
1569999.9 0 0 0.00010014 156.49
1579999.9 -4.7684E-7 0 8.0586E-5 -134
1589999.9 0 0 2.3365E-5 20.469
1599999.9 0 0 0.00013065 5.3907
1609999.8 0 0 4.1485E-5 -1.961
1619999.8 0 0 3.2902E-5 142.64
1629999.8 0 0 0.00011253 -96.876
1639999.8 0 -4.7684E-7 0.00011587 -63.071
1649999.8 -4.7684E-7 0 0.00017834 -29.125
1659999.8 -4.7684E-7 0 0.00014782 -42.227
1669999.8 -4.7684E-7 0 8.0586E-5 -58.024
1679999.7 0 0 0.00011015 -112.63
1689999.7 -4.7684E-7 0 0.00011397 -126.14
1699999.7 0 0 0.00013065 -148.13
1709999.7 0 0 0.00010157 -134.21
1719999.7 -4.7684E-7 0 8.4401E-5 -140.34
1729999.7 0 0 9.9659E-5 -124.49
1739999.6 0 0 9.3937E-5 -155.99
1749999.6 0 0 5.8651E-5 175.84
1759999.6 0 0 0.00010014 178.85
1769999.6 0 0 8.3924E-5 140.02
1779999.6 0 0 8.2017E-5 155.56
1789999.6 0 0 8.6308E-5 165.15
1799999.6 0 0 6.485E-5 -171.45
1809999.5 -4.7684E-7 0 7.2957E-5 -172.24
1819999.5 0 0 0.00011444 -160.93
1829999.5 0 0 9.2984E-5 -159.61
1839999.5 -4.7684E-7 0 7.5818E-5 177.7
1849999.5 0 0 7.1049E-5 -140.47
1859999.5 0 0 5.9605E-5 -134.09
1869999.4 0 0 0.000103 -131.62
1879999.4 0 0 8.8215E-5 -108.92
1889999.4 0 0 0.00015021 -83.758
1899999.4 0 0 8.0109E-5 -57.047
1909999.4 0 0 0.00011206 1.0078
1919999.4 0 0 6.9142E-5 -12.039
1929999.4 0 0 6.9619E-5 68.743
1939999.3 0 0 6.2466E-5 23.235
1949999.3 0 0 0.00010967 -85.383
1959999.3 0 0 8.0586E-5 -103.39
1969999.3 0 0 6.9142E-5 -64.516
1979999.3 0 0 0.00012827 -81.688
1989999.3 0 0 0.00014544 -76.751
1999999.2 0 0 0.00014687 -84.274
2009999.2 0 0 0.00015736 -69.251
2019999.2 -4.7684E-7 0 0.00021219 -58.047
2029999.2 0 -4.7684E-7 0.00014687 -83.977
2039999.2 -4.7684E-7 0 6.9619E-5 -142.56
2049999.2 -4.7684E-7 0 9.5845E-5 80.79
2059999.2 -4.7684E-7 0 0.00013924 46.055
2069999.1 -4.7684E-7 0 0.00022268 -2.125
2079999.1 0 0 0.00021172 -23.063
2089999.1 0 0 8.3447E-5 -74.665
2099999.1 0 0 4.2916E-6 -17.352
2109999.1 -4.7684E-7 0 0.00013018 41.016
2119999.1 0 0 8.3924E-5 40.953
2129999 0 0 4.2439E-5 171.67
2139999 -4.7684E-7 0 6.1989E-5 38.157
2149999 -4.7684E-7 0 0.00013876 3.2813
2159999 -4.7684E-7 0 0.00014925 -50.75
2169999 0 0 0.0002079 -86.243
2179999 -4.7684E-7 0 0.00019264 -109.73
2189999 0 0 0.00012684 -158.31
2199998.9 0 0 0.00012445 155.45
2209998.9 -4.7684E-7 0 3.5763E-5 19.719
2219998.9 -4.7684E-7 0 7.5341E-5 -27.711
2229998.9 0 0 0.00010872 33.453
2239998.9 0 0 0.00017071 32
2249998.9 -4.7684E-7 0 9.3461E-5 58.821
2259998.8 0 -4.7684E-7 3.1948E-5 88.149
2269998.8 0 -4.7684E-7 4.9115E-5 147.91
2279998.8 0 0 3.624E-5 -146.73
2289998.8 0 0 9.4891E-5 -139.99
2299998.8 0 0 9.1553E-5 -118.85
2309998.8 0 0 0.00012493 -116.63
2319998.8 -4.7684E-7 0 0.00015164 -96.251
2329998.7 0 0 0.00015736 -105.63
2339998.7 0 0 0.00015688 -88.672
2349998.7 0 0 0.00014114 -80.493
2359998.7 -4.7684E-7 0 0.00017214 -70.657
2369998.7 0 0 0.00013495 -67.985
2379998.7 0 0 0.00013161 -27.141
2389998.7 0 0 0.00013161 -19.133
2399998.6 0 0 0.00012255 25.938
2409998.6 -4.7684E-7 0 0.00012398 29.047
2419998.6 -4.7684E-7 -4.7684E-7 0.00015688 48.242
2429998.6 -4.7684E-7 0 0.0001359 41.875
2439998.6 -4.7684E-7 0 9.6322E-5 73.563
2449998.6 -4.7684E-7 -4.7684E-7 9.9659E-5 83.829
2459998.5 0 0 0.00012827 84.11
2469998.5 0 0 0.00016594 53.078
2479998.5 -4.7684E-7 0 0.00012159 33.196
2489998.5 -4.7684E-7 0 0.00011826 64.852
2499998.5 -4.7684E-7 0 0.00012589 62.266
2509998.5 0 0 0.00010109 83.055
2519998.5 -4.7684E-7 0 0.00011158 56.258
2529998.4 0 0 0.00013495 45.485
2539998.4 -4.7684E-7 0 0.00018597 22.141
2549998.4 -4.7684E-7 0 0.00013495 7.7032
2559998.4 0 0 0.0001421 -17.766
2569998.4 0 0 0.00013209 -44.594
2579998.4 0 0 0.00015164 -39.282
2589998.3 0 0 0.00017262 -47.899
2599998.3 0 0 0.000175 -46.766
2609998.3 -4.7684E-7 0 0.00014544 -50.352
2619998.3 0 0 0.00011873 -21.211
2629998.3 0 0 0.00011063 -33.742
2639998.3 0 0 0.00011158 -0.17188
2649998.3 0 0 0.00013018 -3.25
2659998.2 0 0 0.00014591 -5.336
